time	nose_x	nose_y	r_shoulder_x	r_shoulder_y	l_shoulder_x	l_shooulder_t	cursor_x	cursor_y	block	repetition	target	trial	state	comeback	is_blind	at_home	count_mouse	score
1.6830000000045402	0.0	0.0	0.0	0.0	0.0	0.0	600.0	325.0	1	1	0	1	0	1	0	1	0	0
36.08079999999609	0.0	0.0	39.718490316495824	21.514182254768574	1	1	0	1	1	1	0	1	0	0
70.17089999999735	0.0	0.0	89.57168560328242	48.51799636844464	1	1	0	1	1	1	0	1	0	0
105.16890000000421	0.0	0.0	254.88354653496447	138.0619210397724	1	1	0	1	1	1	0	1	0	0
140.06429999999818	0.0	0.0	480.5950904495611	260.3223406601788	1	1	0	1	1	1	0	1	0	0
174.13240000000224	0.0	0.0	602.252716274337	326.2202213152656	1	1	0	1	2	1	0	1	0	0
208.12230000000272	0.0	0.0	836.6439616505472	453.18214589404545	1	1	0	1	1	1	0	1	0	0
242.57480000000214	0.0	0.0	1033.2091241063367	559.6549422242638	1	1	0	1	1	1	0	1	0	0
276.0428000000102	0.0	0.0	1111.4000230567276	602.0083458223914	1	1	0	1	1	1	0	1	0	0
310.04320000000007	0.0	0.0	1224.238281918735	663.1290693726439	1	1	0	1	1	1	0	1	0	0
344.2433000000019	0.0	0.0	1259.87519129696	682.4323952858488	1	1	0	1	1	1	0	1	0	0
378.4383999999991	0.0	0.0	1295.986385909435	701.9926257009392	1	1	0	1	1	1	0	1	0	0
412.661500000002	0.0	0.0	1296.9155572270843	702.4959268313327	1	1	0	1	1	1	0	1	0	0
447.0688000000082	0.0	0.0	1288.78287671207	698.0907248857	1	1	0	1	1	1	0	1	0	0
481.46220000000903	0.0	0.0	1263.6308635796208	684.4667177722894	1	1	0	1	1	1	0	1	0	0
515.3371000000043	0.0	0.0	1235.3077157979455	669.1250127238802	1	1	0	1	1	1	0	1	0	0
549.3680000000022	0.0	0.0	1222.3043613882992	662.0815290853207	1	1	0	1	1	1	0	1	0	0
583.857799999998	0.0	0.0	1201.2571258128737	650.6809431486299	1	1	0	1	1	1	0	1	0	0
617.9223000000056	0.0	0.0	1188.07220053142	643.5391086211746	1	1	0	1	1	1	0	1	0	0
652.0996000000014	0.0	0.0	1184.3514388615772	641.5236960500094	1	1	0	1	1	1	0	1	0	0
686.3136000000086	0.0	0.0	1181.6825162971681	640.0780296609546	1	1	0	1	1	1	0	1	0	0
720.7596000000049	0.0	0.0	1183.5998018860118	641.1165593549123	1	1	0	1	1	1	0	1	0	0
754.9559000000008	0.0	0.0	1185.5924033192127	642.1958851312299	1	1	0	1	1	1	0	1	0	0
789.5218000000023	0.0	0.0	1190.4424152794963	644.8229749430507	1	1	0	1	1	1	0	1	0	0
823.792100000006	0.0	0.0	1195.2409345383526	647.4221728749319	1	1	0	1	1	1	0	1	0	0
857.9167000000016	0.0	0.0	1197.3127124159123	648.5443858919443	1	1	0	1	1	1	0	1	0	0
891.9073000000062	0.0	0.0	1200.4970982770787	650.2692615667452	1	1	0	1	1	1	0	1	0	0
925.883600000001	0.0	0.0	1202.3274859862213	651.2607215758662	1	1	0	1	1	1	0	1	0	0
960.0077000000019	0.0	0.0	1202.7819606500311	651.5068953520974	1	1	0	1	1	1	0	1	0	0
993.6597000000038	0.0	0.0	1202.9671888044707	651.6072272690865	1	1	0	1	1	1	0	1	0	0
1027.9046999999991	0.0	0.0	1202.4978046907418	651.3529775408167	1	1	0	1	1	1	0	1	0	0
1061.7391000000061	0.0	0.0	1202.1295805017696	651.1535227717897	1	1	0	1	1	1	0	1	0	0
1096.1163000000088	0.0	0.0	1201.3110665522092	650.7101610491097	1	1	0	1	1	1	0	1	0	0
1130.3151999999973	0.0	0.0	1200.557727330402	650.3021023039637	1	1	0	1	1	1	0	1	0	0
1164.662599999996	0.0	0.0	1200.2471776985417	650.1338879200398	1	1	0	1	1	1	0	1	0	0
1199.0271000000066	0.0	0.0	1199.7927562532543	649.8877429705104	1	1	0	1	1	1	0	1	0	0
1233.2975000000006	0.0	0.0	1199.557598332754	649.7603657635732	1	1	0	1	1	1	0	1	0	0
1267.6683000000048	0.0	0.0	1199.5106880738767	649.7349560400148	1	1	0	1	1	1	0	1	0	0
1301.6337000000058	0.0	0.0	1199.5221724303206	649.7411767330887	1	1	0	1	1	1	0	1	0	0
1336.31210000001	0.0	0.0	1199.6226223945025	649.7955871303527	1	1	0	1	1	1	0	1	0	0
1371.1588000000047	0.0	0.0	1199.7573865287225	649.8685843697199	1	1	0	1	1	1	0	1	0	0
1405.1604999999981	0.0	0.0	1199.82451299757	649.9049445403446	1	1	0	1	1	1	0	1	0	0
1439.2563000000082	0.0	0.0	1199.9412851018333	649.968196096819	1	1	0	1	1	1	0	1	0	0
1472.8654000000097	0.0	0.0	1199.9871569503775	649.9930433481135	1	1	0	1	1	1	0	1	0	0
1506.7388999999966	0.0	0.0	1200.0506617495162	650.0274417809792	1	1	0	1	1	1	0	1	0	0
1540.2793000000092	0.0	0.0	1200.0792645522538	650.0429349657943	1	1	0	1	1	1	0	1	0	0
1573.8657000000094	0.0	0.0	1200.082901533258	650.0449049971712	1	1	0	1	1	1	0	1	0	0
1608.3902999999991	0.0	0.0	1200.075166025727	650.0407149305913	1	1	0	1	1	1	0	1	0	0
1642.4858999999997	0.0	0.0	1200.0557639967944	650.0302054982536	1	1	0	1	1	1	0	1	0	0
1676.4456000000064	0.0	0.0	1200.0444084073592	650.0240545539768	1	1	0	1	1	1	0	1	0	0
1710.4971000000078	0.0	0.0	1200.022413214826	650.0121404913563	1	1	0	1	1	1	0	1	0	0
1744.468399999998	0.4829847812652588	0.661396861076355	1194.824124219519	645.7991952266811	1	1	0	1	1	1	0	1	0	0
1778.4879999999976	0.4829847812652588	0.661396861076355	1183.1598479199597	636.3369580854828	1	1	0	1	1	1	0	1	0	0
1812.453999999998	0.47954779863357544	0.6819739937782288	1131.273323563716	594.134895337085	1	1	0	1	1	1	0	1	0	0
1847.0001000000047	0.47954779863357544	0.6819739937782288	1092.2785416236748	561.9173313865633	1	1	0	1	1	1	0	1	0	0
1881.8697000000102	0.47954779863357544	0.6819739937782288	998.7817433294728	481.72555597276505	1	1	0	1	1	1	0	1	0	0
1916.8715999999986	0.47954779863357544	0.6819739937782288	900.9256782510095	393.070188377503	1	1	0	1	1	1	0	1	0	0
1950.933600000004	0.47954779863357544	0.6819739937782288	814.6453223299263	310.42419435330436	1	1	0	1	1	1	0	1	0	0
1984.889200000005	0.47954779863357544	0.6819739937782288	779.0437384373366	274.7248312499588	1	1	0	1	1	1	0	1	0	0
2018.8751000000047	0.47954779863357544	0.6819739937782288	725.5702460893505	218.2112303616336	1	1	0	1	1	1	0	1	0	0
2053.065400000007	0.47954779863357544	0.6819739937782288	695.1703622783684	182.53732032261178	1	1	0	1	1	1	0	1	0	0
2086.9158000000025	0.47954779863357544	0.6819739937782288	687.4800833156205	171.91871070834023	1	1	0	1	1	1	0	1	0	0
2122.900900000008	0.47954779863357544	0.6819739937782288	683.6092711247729	162.45878449711861	1	1	0	1	1	1	0	1	0	0
2174.933799999999	0.47954779863357544	0.6819739937782288	685.8933854893396	162.31630415987314	1	1	0	1	1	1	0	1	0	0
2210.822899999999	0.47954779863357544	0.6819739937782288	690.0034703971888	164.34240234089975	1	1	0	1	1	1	0	1	0	0
2246.032800000001	0.47954779863357544	0.6819739937782288	695.2767836977384	167.90746740560016	1	1	0	1	1	1	0	1	0	0
2279.81240000001	0.47954779863357544	0.6819739937782288	701.1387098934199	172.44338243277846	1	1	0	1	1	1	0	1	0	0
2315.563300000009	0.47954779863357544	0.6819739937782288	712.8297981154765	182.55302606307723	1	1	0	1	1	1	0	1	0	0
2348.9064999999973	0.47954779863357544	0.6819739937782288	712.8297981154765	182.55302606307723	1	1	0	1	1	1	0	1	0	0
2382.8493000000017	0.48221126198768616	0.6873346567153931	718.0089759712371	187.3950555812658	1	1	0	1	1	1	0	1	0	0
2416.833599999998	0.48221126198768616	0.6873346567153931	726.0458178914768	195.29182200914823	1	1	0	1	1	1	0	1	0	0
2452.298800000004	0.48221126198768616	0.6873346567153931	730.5589521365431	199.87037227671505	1	1	0	1	1	1	0	1	0	0
2487.1340000000055	0.48221126198768616	0.6873346567153931	731.8992846026729	201.15846774130927	1	1	0	1	1	1	0	1	0	0
2520.835500000001	0.48221126198768616	0.6873346567153931	731.6502088789721	200.80763310169806	1	1	0	1	1	1	0	1	0	0
2554.825800000006	0.48221126198768616	0.6873346567153931	730.9612204992161	199.96894584330641	1	1	0	1	1	1	0	1	0	0
2590.5095	0.48221126198768616	0.6873346567153931	728.7696309477591	197.3711895115624	1	1	0	1	1	1	0	1	0	0
2624.823900000003	0.48221126198768616	0.6873346567153931	726.2134211462724	194.34447082659017	1	1	0	1	1	1	0	1	0	0
2658.829800000007	0.48221126198768616	0.6873346567153931	725.0050441844428	192.90490715598628	1	1	0	1	1	1	0	1	0	0
2693.4049000000086	0.48221126198768616	0.6873346567153931	722.9801417118981	190.46869423939967	1	1	0	1	1	1	0	1	0	0
2727.9141999999993	0.48221126198768616	0.6873346567153931	721.6219639756605	188.8003914092775	1	1	0	1	1	1	0	1	0	0
2762.4533000000083	0.48221126198768616	0.6873346567153931	721.1981304516606	188.26437085503312	1	1	0	1	1	1	0	1	0	0
2796.4275000000052	0.48221126198768616	0.6873346567153931	720.7932598036602	187.71664123161116	1	1	0	1	1	1	0	1	0	0
2830.422000000006	0.48221126198768616	0.6873346567153931	720.8355522976776	187.7069892242484	1	1	0	1	1	1	0	1	0	0
2864.4716000000044	0.48221126198768616	0.6873346567153931	720.9658117888034	187.8367182804376	1	1	0	1	1	1	0	1	0	0
2899.501700000008	0.48221126198768616	0.6873346567153931	721.3364281409775	188.23894805817378	1	1	0	1	1	1	0	1	0	0
2935.4159000000072	0.48221126198768616	0.6873346567153931	721.7399561521643	188.69615822281295	1	1	0	1	1	1	0	1	0	0
2970.0867	0.48221126198768616	0.6873346567153931	721.9232256514917	188.90804014112476	1	1	0	1	1	1	0	1	0	0
3005.0109000000084	0.48221126198768616	0.6873346567153931	722.2183371232729	189.25511106945038	1	1	0	1	1	1	0	1	0	0
3040.0553999999975	0.47964268922805786	0.6822678446769714	722.4336460048899	189.5577320326379	1	1	0	1	1	1	0	1	0	0
3074.9983999999968	0.47964268922805786	0.6822678446769714	722.5554287494858	189.80253870094776	1	1	0	1	1	1	0	1	0	0
3109.1702000000078	0.47964268922805786	0.6822678446769714	722.9037503526374	190.65489017581368	1	1	0	1	1	1	0	1	0	0
3143.80750000001	0.47964268922805786	0.6822678446769714	723.386603647235	191.94129964177085	1	1	0	1	1	1	0	1	0	0
3177.003700000001	0.47964268922805786	0.6822678446769714	723.6577618686742	192.68026734574653	1	1	0	1	1	1	0	1	0	0
3211.228600000002	0.47964268922805786	0.6822678446769714	724.2044487015437	194.1844104776689	1	1	0	1	1	1	0	1	0	0
3246.0121999999974	0.47964268922805786	0.6822678446769714	724.692816856812	195.53528698656646	1	1	0	1	1	1	0	1	0	0
3281.0225999999966	0.47964268922805786	0.6822678446769714	724.8979137947115	196.10314247853648	1	1	0	1	1	1	0	1	0	0
3315.0016000000032	0.47964268922805786	0.6822678446769714	725.2137644370741	196.97661750495575	1	1	0	1	1	1	0	1	0	0
3354.220100000006	0.47964268922805786	0.6822678446769714	725.4038408185537	197.49958731328263	1	1	0	1	1	1	0	1	0	0
3389.04770000001	0.47964268922805786	0.6822678446769714	725.4568967466735	197.64405772474447	1	1	0	1	1	1	0	1	0	0
3422.99960000001	0.47964268922805786	0.6822678446769714	725.4967358396079	197.74857634416165	1	1	0	1	1	1	0	1	0	0
3456.833599999998	0.47964268922805786	0.6822678446769714	725.4750401660856	197.68244150026692	1	1	0	1	1	1	0	1	0	0
3490.624100000001	0.47964268922805786	0.6822678446769714	725.4507607698216	197.61239628792293	1	1	0	1	1	1	0	1	0	0
3524.6117000000086	0.47964268922805786	0.6822678446769714	725.3914303216558	197.44333352550524	1	1	0	1	1	1	0	1	0	0
3558.8089000000036	0.47964268922805786	0.6822678446769714	725.3332850894046	197.27895952046862	1	1	0	1	1	1	0	1	0	0
3593.6083999999973	0.48060256242752075	0.6811204552650452	725.3015438333662	197.21335229419213	1	1	0	1	1	1	0	1	0	0
3627.758600000001	0.48060256242752075	0.6811204552650452	725.1239005038034	197.191535220255	1	1	0	1	1	1	0	1	0	0
3663.3956000000035	0.48060256242752075	0.6811204552650452	724.6491919082166	197.40286123296218	1	1	0	1	1	1	0	1	0	0
3696.595000000001	0.48060256242752075	0.6811204552650452	724.3009567956196	197.59319477528237	1	1	0	1	1	1	0	1	0	0
3731.6226000000024	0.48060256242752075	0.6811204552650452	723.4634224050587	198.08656974356524	1	1	0	1	1	1	0	1	0	0
3766.820200000002	0.48060256242752075	0.6811204552650452	722.5735249324837	198.63656809909952	1	1	0	1	1	1	0	1	0	0
3801.646099999998	0.48060256242752075	0.6811204552650452	722.1551501172394	198.9007587723027	1	1	0	1	1	1	0	1	0	0
3836.603900000002	0.48060256242752075	0.6811204552650452	721.4368728889831	199.36129593685988	1	1	0	1	1	1	0	1	0	0
3871.0828000000038	0.48060256242752075	0.6811204552650452	720.9204534947793	199.69845724679277	1	1	0	1	1	1	0	1	0	0
3905.631999999998	0.48060256242752075	0.6811204552650452	720.741752049554	199.81692253673398	1	1	0	1	1	1	0	1	0	0
3940.6636	0.48060256242752075	0.6811204552650452	720.6126877222996	199.90359738510313	1	1	0	1	1	1	0	1	0	0
3975.717000000004	0.48060256242752075	0.6811204552650452	720.4827777924221	199.9938058577743	1	1	0	1	1	1	0	1	0	0
4010.603700000007	0.48060256242752075	0.6811204552650452	720.4691974038521	200.00519495612187	1	1	0	1	1	1	0	1	0	0
4044.60070000001	0.48060256242752075	0.6811204552650452	720.4691974038521	200.00519495612187	1	1	0	1	1	1	0	1	0	0
4079.5448000000033	0.48060256242752075	0.6811204552650452	720.5109513033656	199.98196200437494	1	1	0	1	1	1	0	1	0	0
4113.621299999999	0.48060256242752075	0.6811204552650452	720.5535623112314	199.95553426973834	1	1	0	1	1	1	0	1	0	0
4148.705499999996	0.48060256242752075	0.6811204552650452	720.60324961181	199.92406259610848	1	1	0	1	1	1	0	1	0	0
4182.271500000003	0.48060256242752075	0.6811204552650452	720.7066344981654	199.85736065400357	1	1	0	1	1	1	0	1	0	0
4217.232499999998	0.48060256242752075	0.6811204552650452	720.7539714017564	199.82638769366014	1	1	0	1	1	1	0	1	0	0
4253.4908	0.5471106171607971	0.6788001656532288	720.4801497682004	199.8417195180441	1	1	0	1	1	1	0	1	0	0
4288.330600000001	0.5471106171607971	0.6788001656532288	713.4800047766286	201.137229330143	1	1	0	1	1	1	0	1	0	0
4323.204599999997	0.5471106171607971	0.6788001656532288	704.2075918398116	202.877329752192	1	1	0	1	1	1	0	1	0	0
4358.540399999998	0.5471106171607971	0.6788001656532288	673.4255810221719	208.67120220883004	1	1	0	1	1	1	0	1	0	0
4393.252200000003	0.5471106171607971	0.6788001656532288	631.3767571054495	216.5957588180608	1	1	0	1	1	1	0	1	0	0
4427.1921	0.5471106171607971	0.6788001656532288	608.7091619138828	220.86947339288506	1	1	0	1	1	1	0	1	0	0
4462.354099999997	0.5471106171607971	0.6788001656532288	565.0331011002165	229.10599328923848	1	1	0	1	1	1	0	1	0	0
4496.376400000008	0.5471106171607971	0.6788001656532288	528.4028865150376	236.01521151091944	1	1	0	1	1	1	0	1	0	0
4531.402400000006	0.5471106171607971	0.6788001656532288	513.8313197928612	238.7640420956406	1	1	0	1	1	1	0	1	0	0
4567.128599999996	0.5471106171607971	0.6788001656532288	492.80223289316626	242.7314611059391	1	1	0	1	1	1	0	1	0	0
4601.546700000006	0.5471106171607971	0.6788001656532288	481.8050076439575	244.80661964162636	1	1	0	1	1	1	0	1	0	0
4638.693100000004	0.5471106171607971	0.6788001656532288	479.4300203498171	245.25492466491585	1	1	0	1	1	1	0	1	0	0
4671.825899999996	0.5883572101593018	0.6695788502693176	477.7663450659565	245.71009077909238	1	1	0	1	1	1	0	1	0	0
4706.765200000009	0.5883572101593018	0.6695788502693176	472.0097604203042	247.68814083713352	1	1	0	1	1	1	0	1	0	0
4743.647400000002	0.5883572101593018	0.6695788502693176	457.0456725145771	252.41716031570527	1	1	0	1	1	1	0	1	0	0
4776.833599999998	0.5883572101593018	0.6695788502693176	446.4917861921051	255.6533086720864	1	1	0	1	1	1	0	1	0	0
4810.818800000008	0.5883572101593018	0.6695788502693176	421.8640192769762	263.05908582971074	1	1	0	1	1	1	0	1	0	0
4845.832399999999	0.5883572101593018	0.6695788502693176	396.48717761105155	270.5487186900599	1	1	0	1	1	1	0	1	0	0
4879.819499999998	0.5883572101593018	0.6695788502693176	384.7945837026644	273.9587187139349	1	1	0	1	1	1	0	1	0	0
4914.841	0.5883572101593018	0.6695788502693176	365.1043437325663	279.6367085186153	1	1	0	1	1	1	0	1	0	0
4949.49040000001	0.5883572101593018	0.6695788502693176	351.364473886537	283.52961522791077	1	1	0	1	1	1	0	1	0	0
4983.877800000002	0.5883572101593018	0.6695788502693176	346.7598670853282	284.8091188063612	1	1	0	1	1	1	0	1	0	0
5017.811400000006	0.5883572101593018	0.6695788502693176	343.53917873589864	285.68611377732964	1	1	0	1	1	1	0	1	0	0
5051.866200000004	0.5883572101593018	0.6695788502693176	343.53917873589864	285.68611377732964	1	1	0	1	1	1	0	1	0	0
5086.839300000007	0.5883572101593018	0.6695788502693176	340.6020303598715	286.4324527955673	1	1	0	1	1	1	0	1	0	0
5121.8217	0.5883572101593018	0.6695788502693176	340.5068389205128	286.41576205606464	1	1	0	1	1	1	0	1	0	0
5157.853700000007	0.5825341939926147	0.6719286441802979	342.12661467538305	285.87701940822967	1	1	0	1	1	1	0	1	0	0
5191.8417000000045	0.5825341939926147	0.6719286441802979	343.63993793756515	285.40314577999965	1	1	0	1	1	1	0	1	0	0
5226.319199999998	0.5825341939926147	0.6719286441802979	348.0317643864506	284.00870980520335	1	1	0	1	1	1	0	1	0	0
5259.874299999996	0.5825341939926147	0.6719286441802979	353.7911738579992	282.1286132310884	1	1	0	1	1	1	0	1	0	0
5294.814299999998	0.5825341939926147	0.6719286441802979	356.8849159434088	281.1001697526943	1	1	0	1	1	1	0	1	0	0
5328.837800000008	0.5825341939926147	0.6719286441802979	362.8744751871702	279.0774358740523	1	1	0	1	1	1	0	1	0	0
5364.801200000002	0.5825341939926147	0.6719286441802979	367.95726745763636	277.3266937047306	1	1	0	1	1	1	0	1	0	0
5399.887100000007	0.5825341939926147	0.6719286441802979	370.0055581511612	276.60985663340267	1	1	0	1	1	1	0	1	0	0
5435.275999999998	0.5825341939926147	0.6719286441802979	373.0148423826611	275.53720118799833	1	1	0	1	1	1	0	1	0	0
5469.9649999999965	0.5825341939926147	0.6719286441802979	374.65905216168176	274.92788382193226	1	1	0	1	1	1	0	1	0	0
5504.815300000002	0.5825341939926147	0.6719286441802979	375.2084937087917	274.69899158330327	1	1	0	1	1	1	0	1	0	0
5538.854300000006	0.5825341939926147	0.6719286441802979	375.1834879467787	274.69104128384254	1	1	0	1	1	1	0	1	0	0
5573.98520000001	0.5825341939926147	0.6719286441802979	374.7588114920603	274.8124781417654	1	1	0	1	1	1	0	1	0	0
5609.990600000005	0.5825341939926147	0.6719286441802979	374.0935750740547	275.027842442743	1	1	0	1	1	1	0	1	0	0
5643.827700000009	0.5825341939926147	0.6719286441802979	373.74765705328355	275.14374228296384	1	1	0	1	1	1	0	1	0	0
5677.826000000001	0.5825341939926147	0.6719286441802979	373.13074322180864	275.3552984858618	1	1	0	1	1	1	0	1	0	0
5712.270100000009	0.5825341939926147	0.6719286441802979	372.6842802903376	275.51304192502516	1	1	0	1	1	1	0	1	0	0
5746.798600000009	0.5825341939926147	0.6719286441802979	372.5342996327813	275.567637892474	1	1	0	1	1	1	0	1	0	0
5781.873800000001	0.5048974752426147	0.667371392250061	374.93578374255014	275.25480837538015	1	1	0	1	1	1	0	1	0	0
5816.877699999997	0.5048974752426147	0.667371392250061	391.1554616056609	272.8892314053003	1	1	0	1	1	1	0	1	0	0
5851.99960000001	0.5048974752426147	0.667371392250061	406.43400570430833	270.648714852067	1	1	0	1	1	1	0	1	0	0
5885.9869000000035	0.5048974752426147	0.667371392250061	448.6595407112244	264.4493184428725	1	1	0	1	1	1	0	1	0	0
5919.803400000004	0.5048974752426147	0.667371392250061	499.0307799590565	257.0514316977745	1	1	0	1	1	1	0	1	0	0
5953.501700000008	0.5048974752426147	0.667371392250061	524.3266658957461	253.33635550382246	1	1	0	1	1	1	0	1	0	0
5988.408200000005	0.5048974752426147	0.667371392250061	570.3173409541317	246.5827668086149	1	1	0	1	1	1	0	1	0	0
6023.927800000005	0.5048974752426147	0.667371392250061	606.1343039907265	241.3245321370242	1	1	0	1	1	1	0	1	0	0
6057.39390000001	0.5048974752426147	0.667371392250061	619.5102952039988	239.36141377506394	1	1	0	1	1	1	0	1	0	0
6093.197500000009	0.5048974752426147	0.667371392250061	637.3426610586175	236.74546341053983	1	1	0	1	1	1	0	1	0	0
6126.392399999997	0.5048974752426147	0.667371392250061	644.9208910001156	235.6354275441419	1	1	0	1	1	1	0	1	0	0
6160.411800000002	0.40635785460472107	0.6248792409896851	646.1861859917987	235.55347951598014	1	1	0	1	1	1	0	1	0	0
6194.433100000009	0.40635785460472107	0.6248792409896851	652.8025144779067	236.64784996508706	1	1	0	1	1	1	0	1	0	0
6229.3986	0.40635785460472107	0.6248792409896851	676.5509747372537	239.84325880965272	1	1	0	1	1	1	0	1	0	0
6263.436799999996	0.40635785460472107	0.6248792409896851	695.5157855557608	242.1131874622609	1	1	0	1	1	1	0	1	0	0
6297.421900000001	0.40635785460472107	0.6248792409896851	743.3511397688977	247.40014339565323	1	1	0	1	1	1	0	1	0	0
6333.740300000005	0.40635785460472107	0.6248792409896851	796.2824630904445	252.82026076158942	1	1	0	1	1	1	0	1	0	0
6368.4516	0.40635785460472107	0.6248792409896851	821.7597966578005	255.30589652091496	1	1	0	1	1	1	0	1	0	0
6402.721900000004	0.40635785460472107	0.6248792409896851	866.4148671252433	259.46931904546517	1	1	0	1	1	1	0	1	0	0
6437.442500000005	0.40635785460472107	0.6248792409896851	899.4844530236916	262.34757730054105	1	1	0	1	1	1	0	1	0	0
6472.404300000009	0.40635785460472107	0.6248792409896851	911.2671858674199	263.3016003348989	1	1	0	1	1	1	0	1	0	0
6506.913400000005	0.40635785460472107	0.6248792409896851	925.9734690054612	264.3600937856356	1	1	0	1	1	1	0	1	0	0
6541.902900000001	0.40635785460472107	0.6248792409896851	930.9493513232397	264.53878265752553	1	1	0	1	1	1	0	1	0	0
6575.399900000004	0.40635785460472107	0.6248792409896851	930.7580868035324	264.40291144954085	1	1	0	1	1	1	0	1	0	0
6609.880499999999	0.40635785460472107	0.6248792409896851	927.0062103209609	263.87823749092104	1	1	0	1	1	1	0	1	0	0
6643.422600000005	0.41158032417297363	0.6253284215927124	924.1332389391755	263.5594323633355	1	1	0	1	1	1	0	1	0	0
6679.419699999999	0.41158032417297363	0.6253284215927124	917.4019856634815	262.98627195589745	1	1	0	1	1	1	0	1	0	0
6713.40860000001	0.41158032417297363	0.6253284215927124	910.1045324712462	262.669361275216	1	1	0	1	1	1	0	1	0	0
6747.574399999998	0.41158032417297363	0.6253284215927124	906.5471196607933	262.6273897214264	1	1	0	1	1	1	0	1	0	0
6782.4519	0.41158032417297363	0.6253284215927124	900.1547440057172	262.74654579349294	1	1	0	1	1	1	0	1	0	0
6817.606200000009	0.41158032417297363	0.6253284215927124	895.1909790064976	263.053294769932	1	1	0	1	1	1	0	1	0	0
6851.420400000003	0.41158032417297363	0.6253284215927124	893.3262630881092	263.242362551578	1	1	0	1	1	1	0	1	0	0
6889.0639999999985	0.41158032417297363	0.6253284215927124	890.8018630429804	263.63016622324926	1	1	0	1	1	1	0	1	0	0
6922.416100000002	0.41158032417297363	0.6253284215927124	890.8018630429804	263.63016622324926	1	1	0	1	1	1	0	1	0	0
6956.409400000004	0.41158032417297363	0.6253284215927124	890.0814784681775	263.8098361481882	1	1	0	1	1	1	0	1	0	0
6992.362699999998	0.41158032417297363	0.6253284215927124	889.6643420070402	263.9709815218222	1	1	0	1	1	1	0	1	0	0
7026.3896000000095	0.41158032417297363	0.6253284215927124	889.4998985842194	264.10954832583406	1	1	0	1	1	1	0	1	0	0
7061.805999999997	0.43867677450180054	0.558995246887207	889.4649961369493	264.5280549559642	1	1	0	1	1	1	0	1	0	0
7096.393599999996	0.43867677450180054	0.558995246887207	888.3380506814921	265.77922208174584	1	1	0	1	1	1	0	1	0	0
7131.181400000001	0.43867677450180054	0.558995246887207	878.4687732460903	274.72089263208886	1	1	0	1	1	1	0	1	0	0
7165.434500000003	0.43867677450180054	0.558995246887207	856.5455824295814	293.6909258583683	1	1	0	1	1	1	0	1	0	0
7200.410799999998	0.43867677450180054	0.558995246887207	842.0605019839927	306.0678031582015	1	1	0	1	1	1	0	1	0	0
7235.42760000001	0.43867677450180054	0.558995246887207	809.7368746514142	333.48680397663304	1	1	0	1	1	1	0	1	0	0
7270.405800000008	0.43867677450180054	0.558995246887207	777.8839719940152	360.32806901926483	1	1	0	1	1	1	0	1	0	0
7304.436600000001	0.43867677450180054	0.558995246887207	763.6325786807658	372.28825913006744	1	1	0	1	1	1	0	1	0	0
7339.412500000006	0.43867677450180054	0.558995246887207	740.3073990852815	391.7893493539244	1	1	0	1	1	1	0	1	0	0
7375.1484000000055	0.43867677450180054	0.558995246887207	724.7586105880969	404.7110601955145	1	1	0	1	1	1	0	1	0	0
7409.388600000006	0.43867677450180054	0.558995246887207	719.81275937335	408.7927054511921	1	1	0	1	1	1	0	1	0	0
7443.843200000003	0.43867677450180054	0.558995246887207	714.729704102117	412.93039950738944	1	1	0	1	1	1	0	1	0	0
7477.440400000007	0.43867677450180054	0.558995246887207	714.4814348978075	413.04001889930953	1	1	0	1	1	1	0	1	0	0
7512.3937000000005	0.43867677450180054	0.558995246887207	715.5467732655408	412.11037917825024	1	1	0	1	1	1	0	1	0	0
7546.38440000001	0.43867677450180054	0.558995246887207	717.0945927775821	410.7850762285577	1	1	0	1	1	1	0	1	0	0
7581.556100000002	0.46438008546829224	0.5351742506027222	719.7014780353771	408.19619183986225	1	1	0	1	1	1	0	1	0	0
7616.4098000000085	0.46438008546829224	0.5351742506027222	719.0032052122443	407.93839003345533	1	1	0	1	1	1	0	1	0	0
7651.417000000001	0.46438008546829224	0.5351742506027222	710.7350643844272	411.1413009532722	1	1	0	1	1	1	0	1	0	0
7686.832399999999	0.46438008546829224	0.5351742506027222	694.0776448267918	419.00702849052277	1	1	0	1	1	1	0	1	0	0
7720.408500000005	0.46438008546829224	0.5351742506027222	683.6947102027208	424.1342652427585	1	1	0	1	1	1	0	1	0	0
7754.401700000002	0.46438008546829224	0.5351742506027222	661.5763875209574	435.3257262951458	1	1	0	1	1	1	0	1	0	0
7789.896000000008	0.46438008546829224	0.5351742506027222	640.8852925868837	446.0261887916523	1	1	0	1	1	1	0	1	0	0
7823.430500000002	0.46438008546829224	0.5351742506027222	631.9705071580547	450.69894974264906	1	1	0	1	1	1	0	1	0	0
7857.397800000006	0.46438008546829224	0.5351742506027222	617.944254190423	458.14445973939115	1	1	0	1	1	1	0	1	0	0
7892.2704000000085	0.47314485907554626	0.5410201549530029	609.1885000061618	462.86239337584993	1	1	0	1	1	1	0	1	0	0
7926.327799999999	0.47314485907554626	0.5410201549530029	606.4563196293932	464.2220159966859	1	1	0	1	1	1	0	1	0	0
7960.3475000000035	0.47314485907554626	0.5410201549530029	602.8532596580036	465.09523478799235	1	1	0	1	1	1	0	1	0	0
7994.445000000007	0.47314485907554626	0.5410201549530029	601.5364727497468	464.7514189165825	1	1	0	1	1	1	0	1	0	0
8028.565900000001	0.4771004617214203	0.5859703421592712	599.3264555149158	462.87439495046726	1	1	0	1	1	1	0	1	0	0
8062.492599999998	0.4771004617214203	0.5859703421592712	598.4002350535436	457.8337102878386	1	1	0	1	1	1	0	1	0	0
8096.1967	0.4771004617214203	0.5859703421592712	598.9287888038998	453.1693706932477	1	1	0	1	1	1	0	1	0	0
8130.051999999996	0.4771004617214203	0.5859703421592712	602.1358799309866	439.62503636522797	1	1	0	1	1	1	0	1	0	0
8164.925199999998	0.4885469377040863	0.6200965046882629	607.472842575784	421.966768880766	1	1	0	1	1	1	0	1	0	0
8199.194700000007	0.4885469377040863	0.6200965046882629	610.5375112766476	411.77828762955954	1	1	0	1	1	1	0	1	0	0
8233.366500000004	0.4885469377040863	0.6200965046882629	616.660295863682	389.29376601257155	1	1	0	1	1	1	0	1	0	0
8267.295500000007	0.4885469377040863	0.6200965046882629	621.9714545911154	366.2131143416457	1	1	0	1	1	1	0	1	0	0
8301.512600000002	0.49453645944595337	0.6699349880218506	624.1849630196825	355.22363078016656	1	1	0	1	2	1	0	1	0	0
8335.155200000008	0.49453645944595337	0.6699349880218506	628.4751650430014	333.565625642436	1	1	0	1	2	1	0	1	0	0
8369.440799999997	0.49453645944595337	0.6699349880218506	633.8005375326405	310.5320969119672	1	1	0	1	2	1	0	1	0	0
8403.5438	0.49453645944595337	0.6699349880218506	636.9227804448067	298.6530204463587	1	1	0	1	1	1	0	1	0	0
8437.532699999996	0.49447017908096313	0.6947608590126038	643.9384688715488	275.0849066005138	1	1	0	1	1	1	0	1	0	0
8471.430900000007	0.49447017908096313	0.6947608590126038	652.3200356803782	251.86146467190136	1	1	0	1	1	1	0	1	0	0
8505.452300000004	0.49447017908096313	0.6947608590126038	656.9757431039309	240.5770691101034	1	1	0	1	1	1	0	1	0	0
8539.526599999997	0.49447017908096313	0.6947608590126038	666.5694602847059	219.68626567498208	1	1	0	1	1	1	0	1	0	0
8573.530400000003	0.5028426051139832	0.7188791632652283	675.5141853912568	201.94759083169885	1	1	0	1	1	1	0	1	0	0
8607.670299999998	0.5028426051139832	0.7188791632652283	679.4045517292791	194.04518619495377	1	1	0	1	1	1	0	1	0	0
8641.659500000009	0.5028426051139832	0.7188791632652283	685.6078400004485	179.5633368639705	1	1	0	1	1	1	0	1	0	0
8676.002699999997	0.5026789307594299	0.726169764995575	689.6584472530795	166.79235671632702	1	1	0	1	1	1	0	1	0	0
8709.719800000006	0.5026789307594299	0.726169764995575	691.0510263284658	161.00555333934176	1	1	0	1	1	1	0	1	0	0
8744.160300000003	0.5026789307594299	0.726169764995575	693.0219348546398	150.61530069319576	1	1	0	1	1	1	0	1	0	0
8778.1872	0.5026789307594299	0.726169764995575	694.2891451515113	142.04749470980562	1	1	0	1	1	1	0	1	0	0
8812.165200000003	0.4975636601448059	0.7335458397865295	694.7897490664087	138.51070869067354	1	1	0	1	1	1	0	1	0	0
8845.7733	0.4975636601448059	0.7335458397865295	696.2605846198453	132.58540676302528	1	1	0	1	1	1	0	1	0	0
8879.771500000003	0.4975636601448059	0.7335458397865295	699.256441978328	127.54917598041921	1	1	0	1	1	1	0	1	0	0
8913.7984	0.4975636601448059	0.7335458397865295	701.3416965673478	125.27199253663196	1	1	0	1	1	1	0	1	0	0
8947.8707	0.49864616990089417	0.7315231561660767	706.1939286548102	121.27037681916511	1	1	0	1	1	1	0	1	0	0
8982.445999999996	0.49864616990089417	0.7315231561660767	710.9725083629771	118.2845416627858	1	1	0	1	1	1	0	1	0	0
9017.301800000001	0.500735878944397	0.7249661087989807	714.7595827259402	116.49717455908508	1	1	0	1	1	1	0	1	0	0
9051.532300000006	0.500735878944397	0.7249661087989807	716.0489085140882	116.11732787351474	1	1	0	1	1	1	0	1	0	0
9085.499299999996	0.500735878944397	0.7249661087989807	716.9549750595384	116.63627611248535	1	1	0	1	1	1	0	1	0	0
9120.353100000008	0.500735878944397	0.7249661087989807	716.5535201650108	117.51716451181854	1	1	0	1	1	1	0	1	0	0
9153.4231	0.500735878944397	0.7249661087989807	714.3866244485615	120.18708333161325	1	1	0	1	1	1	0	1	0	0
9187.424200000009	0.503291666507721	0.7271558046340942	711.0589731223494	123.43186990882221	1	1	0	1	1	1	0	1	0	0
9221.835300000006	0.503291666507721	0.7271558046340942	709.1494290118083	125.01497411057768	1	1	0	1	1	1	0	1	0	0
9255.835999999996	0.503291666507721	0.7271558046340942	705.1648777870589	127.71415919815762	1	1	0	1	1	1	0	1	0	0
9289.883700000006	0.505993664264679	0.7150737643241882	701.3817676328396	129.58650679432452	1	1	0	1	1	1	0	1	0	0
9323.6685	0.505993664264679	0.7150737643241882	699.5472721878841	130.36416866110739	1	1	0	1	1	1	0	1	0	0
9357.379700000005	0.505993664264679	0.7150737643241882	695.4653770460814	132.42130765972524	1	1	0	1	1	1	0	1	0	0
9391.319000000003	0.505993664264679	0.7150737643241882	690.6719089395878	135.577860000234	1	1	0	1	1	1	0	1	0	0
9425.35620000001	0.5017570853233337	0.7037606835365295	688.1339650683897	137.5272522408037	1	1	0	1	1	1	0	1	0	0
9459.404200000004	0.5017570853233337	0.7037606835365295	683.2162876158948	142.24494005005658	1	1	0	1	1	1	0	1	0	0
9493.4078	0.5017570853233337	0.7037606835365295	679.0467384067224	148.1036604449289	1	1	0	1	1	1	0	1	0	0
9527.3661	0.5017570853233337	0.7037606835365295	677.3715280086201	151.28704322106825	1	1	0	1	1	1	0	1	0	0
9561.3609	0.5032445192337036	0.6969684958457947	674.9039776552238	157.63476246059795	1	1	0	1	1	1	0	1	0	0
9595.382100000003	0.5032445192337036	0.6969684958457947	673.195177448147	163.65901509076366	1	1	0	1	1	1	0	1	0	0
9630.39390000001	0.5032445192337036	0.6969684958457947	672.3778774520551	166.56028047000117	1	1	0	1	1	1	0	1	0	0
9664.369099999996	0.5032445192337036	0.6969684958457947	670.595850341997	172.0112941952744	1	1	0	1	1	1	0	1	0	0
9698.392300000007	0.4952206015586853	0.6848766207695007	668.7812523902393	176.88009395253624	1	1	0	1	1	1	0	1	0	0
9733.122700000007	0.4952206015586853	0.6848766207695007	668.1069693639685	179.24896210973225	1	1	0	1	1	1	0	1	0	0
9767.2065	0.4952206015586853	0.6848766207695007	667.6409467253511	184.12472589294367	1	1	0	1	1	1	0	1	0	0
9801.881099999999	0.49427103996276855	0.6793052554130554	668.3635142288945	189.0416693961295	1	1	0	1	1	1	0	1	0	0
9836.3753	0.49427103996276855	0.6793052554130554	669.0502133767448	191.4539643109759	1	1	0	1	1	1	0	1	0	0
9870.401899999997	0.49427103996276855	0.6793052554130554	670.6817360169275	196.22072177294154	1	1	0	1	1	1	0	1	0	0
9904.725099999996	0.49427103996276855	0.6793052554130554	672.2368015207231	200.76576401167063	1	1	0	1	1	1	0	1	0	0
9939.378299999997	0.4928603768348694	0.6679973602294922	672.8726643160246	202.88251173014874	1	1	0	1	1	1	0	1	0	0
9973.11510000001	0.4928603768348694	0.6679973602294922	673.5782293324066	207.1117055045214	1	1	0	1	1	1	0	1	0	0
10007.24010000001	0.4928603768348694	0.6679973602294922	673.5537662996751	209.40311355402923	1	1	0	1	1	1	0	1	0	0
10041.294200000004	0.4928603768348694	0.6679973602294922	672.7664153121015	214.3549248507988	1	1	0	1	1	1	0	1	0	0
10075.31730000001	0.49170833826065063	0.6672597527503967	671.2981237144893	219.41091142429164	1	1	0	1	1	1	0	1	0	0
10109.509000000005	0.49170833826065063	0.6672597527503967	670.4819919699524	221.80626186268	1	1	0	1	1	1	0	1	0	0
10143.463600000003	0.49170833826065063	0.6672597527503967	668.9976567479393	226.0396682177865	1	1	0	1	1	1	0	1	0	0
10177.49010000001	0.4924832880496979	0.6717960834503174	667.9351107073539	229.26965524287775	1	1	0	1	1	1	0	1	0	0
10211.619600000005	0.4924832880496979	0.6717960834503174	667.6101862013566	230.41204400646004	1	1	0	1	1	1	0	1	0	0
10245.884099999996	0.4924832880496979	0.6717960834503174	667.4249391887304	231.53735547496822	1	1	0	1	1	1	0	1	0	0
10279.8805	0.48907986283302307	0.6695921421051025	667.8020074522867	231.1915102770745	1	1	0	1	1	1	0	1	0	0
10313.444400000008	0.48907986283302307	0.6695921421051025	668.2062222779937	230.60929145869054	1	1	0	1	1	1	0	1	0	0
10348.352400000003	0.48907986283302307	0.6695921421051025	669.5846241841008	229.0396986657293	1	1	0	1	1	1	0	1	0	0
10382.386200000008	0.48907986283302307	0.6695921421051025	671.6451202371013	227.39262383255658	1	1	0	1	1	1	0	1	0	0
10415.703999999998	0.48907986283302307	0.6695921421051025	672.8250538427485	226.66139368314577	1	1	0	1	1	1	0	1	0	0
10450.040600000008	0.4873252511024475	0.6678082346916199	675.2621458038079	225.53483837022185	1	1	0	1	1	1	0	1	0	0
10484.055800000002	0.4873252511024475	0.6678082346916199	676.4754808795192	225.1869969743574	1	1	0	1	1	1	0	1	0	0
10518.618700000006	0.4873252511024475	0.6678082346916199	678.8015727939792	224.9548001737386	1	1	0	1	1	1	0	1	0	0
10552.618900000001	0.4837089478969574	0.6688880324363708	680.8613037882851	225.2331374876636	1	1	0	1	1	1	0	1	0	0
10587.132100000003	0.4837089478969574	0.6688880324363708	682.8862605565341	225.70877709053676	1	1	0	1	1	1	0	1	0	0
10621.177200000006	0.4837089478969574	0.6688880324363708	684.0564034928395	225.89632251962166	1	1	0	1	1	1	0	1	0	0
10655.1636	0.4837089478969574	0.6688880324363708	686.7581225787831	226.04793218694923	1	1	0	1	1	1	0	1	0	0
10689.1017	0.4865517020225525	0.663033664226532	688.1979019033768	226.02372802446214	1	1	0	1	1	1	0	1	0	0
10723.252999999997	0.4865517020225525	0.663033664226532	690.6121806240291	226.1282851013255	1	1	0	1	1	1	0	1	0	0
10757.2362	0.4865517020225525	0.663033664226532	691.5829404159244	226.93773872689792	1	1	0	1	1	1	0	1	0	0
10791.350300000006	0.4865517020225525	0.663033664226532	691.447281392228	227.64201515404756	1	1	0	1	1	1	0	1	0	0
10825.8854	0.4958571791648865	0.6677150130271912	689.8863811487043	229.44955147394785	1	1	0	1	1	1	0	1	0	0
10859.890899999999	0.4958571791648865	0.6677150130271912	686.0490045082008	231.32378994461035	1	1	0	1	1	1	0	1	0	0
10893.915500000003	0.4958571791648865	0.6677150130271912	683.2664074775353	232.1397335505262	1	1	0	1	1	1	0	1	0	0
10927.932199999996	0.4973530173301697	0.6666893362998962	676.5661087679414	233.38699677680836	1	1	0	1	1	1	0	1	0	0
10962.021600000007	0.4973530173301697	0.6666893362998962	669.2421368440599	234.15717637317704	1	1	0	1	1	1	0	1	0	0
10996.094400000002	0.4973530173301697	0.6666893362998962	662.1747871281891	234.634114006733	1	1	0	1	1	1	0	1	0	0
11029.496800000008	0.4973530173301697	0.6666893362998962	658.9839972446332	234.8059935513817	1	1	0	1	1	1	0	1	0	0
11063.856500000009	0.4910981059074402	0.6703230738639832	653.8908739685339	234.96194088894794	1	1	0	1	1	1	0	1	0	0
11098.234299999996	0.4910981059074402	0.6703230738639832	652.3781796959283	234.8278892166555	1	1	0	1	1	1	0	1	0	0
11132.204800000007	0.4910981059074402	0.6703230738639832	651.9553693079183	233.94310318652145	1	1	0	1	1	1	0	1	0	0
11166.232300000003	0.48052436113357544	0.6777862906455994	654.6606809415139	232.31889568147665	1	1	0	1	1	1	0	1	0	0
11200.263500000001	0.48052436113357544	0.6777862906455994	657.1520281478502	231.19230485087436	1	1	0	1	1	1	0	1	0	0
11234.395700000008	0.48052436113357544	0.6777862906455994	664.9516981706558	227.93761017869292	1	1	0	1	1	1	0	1	0	0
11268.401400000002	0.48052436113357544	0.6777862906455994	675.9764594274387	223.42160222621726	1	1	0	1	1	1	0	1	0	0
11302.261400000003	0.4818057119846344	0.6811341047286987	682.1402983893763	220.88068667704087	1	1	0	1	1	1	0	1	0	0
11335.9286	0.4818057119846344	0.6811341047286987	694.4415097705855	215.6136887484196	1	1	0	1	1	1	0	1	0	0
11370.0328	0.4818057119846344	0.6811341047286987	705.2334507419529	210.52031436751324	1	1	0	1	1	1	0	1	0	0
11404.002999999997	0.4818057119846344	0.6811341047286987	709.6882851140372	208.19952053309618	1	1	0	1	1	1	0	1	0	0
11438.047300000006	0.48802465200424194	0.6656302213668823	716.0191388934222	204.5831027659916	1	1	0	1	1	1	0	1	0	0
11472.334100000007	0.48802465200424194	0.6656302213668823	717.4482928845996	203.79646393158282	1	1	0	1	1	1	0	1	0	0
11506.362099999998	0.48802465200424194	0.6656302213668823	716.1641910930691	204.72619881789848	1	1	0	1	1	1	0	1	0	0
11540.783800000005	0.49608367681503296	0.6620679497718811	710.373946692666	208.8314818314081	1	1	0	1	1	1	0	1	0	0
11575.207900000009	0.49608367681503296	0.6620679497718811	701.155240190005	215.11221104624735	1	1	0	1	1	1	0	1	0	0
11609.630000000005	0.49608367681503296	0.6620679497718811	695.4691163344535	218.7737691435343	1	1	0	1	1	1	0	1	0	0
11643.5726	0.49608367681503296	0.6620679497718811	682.9212657986012	226.39816451053807	1	1	0	1	1	1	0	1	0	0
11678.01490000001	0.4957801401615143	0.6619299054145813	670.4454606622453	233.47484525724025	1	1	0	1	1	1	0	1	0	0
11712.1927	0.4957801401615143	0.6619299054145813	664.7888534536268	236.5342855426049	1	1	0	1	1	1	0	1	0	0
11746.1486	0.4957801401615143	0.6619299054145813	655.3824794709847	241.396553108538	1	1	0	1	1	1	0	1	0	0
11780.4559	0.49071019887924194	0.6613010764122009	648.9544947766676	244.4960852647067	1	1	0	1	1	1	0	1	0	0
11815.061199999996	0.49071019887924194	0.6613010764122009	646.9671557747497	245.42087473692868	1	1	0	1	1	1	0	1	0	0
11849.162400000001	0.49071019887924194	0.6613010764122009	645.6692355939825	246.18660721689037	1	1	0	1	1	1	0	1	0	0
11883.2549	0.49071019887924194	0.6613010764122009	647.5276610104236	245.85319263617345	1	1	0	1	1	1	0	1	0	0
11916.9948	0.4918733537197113	0.6655160784721375	649.3011788718084	245.41086381127596	1	1	0	1	1	1	0	1	0	0
11951.453800000003	0.4918733537197113	0.6655160784721375	653.7433821639497	244.07320426421563	1	1	0	1	1	1	0	1	0	0
11985.1688	0.4918733537197113	0.6655160784721375	656.1207950172858	243.18766499179546	1	1	0	1	1	1	0	1	0	0
12020.19290000001	0.4918733537197113	0.6655160784721375	660.5980622471789	241.12917159363624	1	1	0	1	1	1	0	1	0	0
12054.156799999997	0.4963320791721344	0.6669050455093384	664.174661293865	238.97477774059195	1	1	0	1	1	1	0	1	0	0
12088.496400000004	0.4963320791721344	0.6669050455093384	665.4277954172533	237.96370247284412	1	1	0	1	1	1	0	1	0	0
12122.494200000001	0.4963320791721344	0.6669050455093384	666.4201676333871	236.22168982332332	1	1	0	1	1	1	0	1	0	0
12156.496500000008	0.5039721727371216	0.661971926689148	665.3445647454835	234.97655580757345	1	1	0	1	1	1	0	1	0	0
12190.497499999998	0.5039721727371216	0.661971926689148	663.9748078901778	234.64724983436648	1	1	0	1	1	1	0	1	0	0
12224.446599999996	0.5039721727371216	0.661971926689148	659.0916312675423	234.96543605499792	1	1	0	1	1	1	0	1	0	0
12258.4847	0.5039721727371216	0.661971926689148	651.6761675753012	236.63799966923224	1	1	0	1	1	1	0	1	0	0
12292.503100000002	0.5118061304092407	0.6691259145736694	647.3858861513409	237.8445416443331	1	1	0	1	1	1	0	1	0	0
12326.4047	0.5118061304092407	0.6691259145736694	638.1431979933235	240.39587704745136	1	1	0	1	1	1	0	1	0	0
12360.418000000005	0.5118061304092407	0.6691259145736694	628.5124959054074	242.35509829027976	1	1	0	1	1	1	0	1	0	0
12394.404800000004	0.5118061304092407	0.6691259145736694	623.8451355718842	242.967587358219	1	1	0	1	1	1	0	1	0	0
12428.4231	0.5087055563926697	0.6658000349998474	615.4827300435993	243.48546129321633	1	1	0	1	1	1	0	1	0	0
12463.173200000005	0.5087055563926697	0.6658000349998474	609.2576418688966	243.42087743863226	1	1	0	1	1	1	0	1	0	0
12497.111499999999	0.5087055563926697	0.6658000349998474	607.1091600429943	243.30367755107437	1	1	0	1	1	1	0	1	0	0
12531.099700000006	0.5087055563926697	0.6658000349998474	604.6589929545241	243.06166253676778	1	1	0	1	1	1	0	1	0	0
12564.890700000004	0.5117448568344116	0.6659592986106873	604.1284495119934	242.9300052370596	1	1	0	1	1	1	0	1	0	0
12598.549899999998	0.5117448568344116	0.6659592986106873	604.228133351723	242.9404769036314	1	1	0	1	1	1	0	1	0	0
12632.560899999997	0.5117448568344116	0.6659592986106873	604.5072177010044	243.1360147038317	1	1	0	1	1	1	0	1	0	0
12666.796799999996	0.5118158459663391	0.6753450036048889	604.4968569150452	243.4885378487405	1	1	0	1	1	1	0	1	0	0
12700.6884	0.5118158459663391	0.6753450036048889	604.4072640697755	243.56900031001197	1	1	0	1	1	1	0	1	0	0
12734.763099999996	0.5118158459663391	0.6753450036048889	604.42760815384	242.9317063073631	1	1	0	1	1	1	0	1	0	0
12768.900099999999	0.5131217837333679	0.6773995161056519	604.9625492841319	240.9800941413189	1	1	0	1	1	1	0	1	0	0
12802.825400000002	0.5131217837333679	0.6773995161056519	605.403597059354	239.581853951231	1	1	0	1	1	1	0	1	0	0
12836.849799999996	0.5131217837333679	0.6773995161056519	606.4393398529403	236.22125885287423	1	1	0	1	1	1	0	1	0	0
12871.119300000006	0.5131217837333679	0.6773995161056519	606.9596962166264	234.4041085839001	1	1	0	1	1	1	0	1	0	0
12906.089600000007	0.5131217837333679	0.6773995161056519	607.8757417554913	230.86543739664106	1	1	0	1	1	1	0	1	0	0
12940.034599999999	0.5071007609367371	0.6644601225852966	608.594096896493	228.0475078681274	1	1	0	1	1	1	0	1	0	0
12974.244900000005	0.5071007609367371	0.6644601225852966	609.3391705209726	227.11987870236862	1	1	0	1	1	1	0	1	0	0
13009.043900000004	0.5071007609367371	0.6644601225852966	609.7771822347174	227.55221475492868	1	1	0	1	1	1	0	1	0	0
13042.688500000004	0.49087175726890564	0.6599810719490051	610.8431820757736	229.95019497459157	1	1	0	1	1	1	0	1	0	0
13076.8943	0.49087175726890564	0.6599810719490051	611.7886339735103	231.69444300851154	1	1	0	1	1	1	0	1	0	0
13111.789300000004	0.49087175726890564	0.6599810719490051	615.9708367841802	235.63574419968964	1	1	0	1	1	1	0	1	0	0
13145.887400000007	0.49087175726890564	0.6599810719490051	623.6183167194499	239.4520975576529	1	1	0	1	1	1	0	1	0	0
13180.247000000003	0.4879668653011322	0.6517953872680664	633.5345909081813	242.68767082569033	1	1	0	1	1	1	0	1	0	0
13214.557700000005	0.4879668653011322	0.6517953872680664	638.7773234853526	244.18268590741005	1	1	0	1	1	1	0	1	0	0
13248.718999999997	0.4879668653011322	0.6517953872680664	648.768015242959	247.17492320387134	1	1	0	1	1	1	0	1	0	0
13282.867800000007	0.49076423048973083	0.6577680706977844	657.0608345619794	250.13178196626376	1	1	0	1	1	1	0	1	0	0
13317.163100000005	0.49076423048973083	0.6577680706977844	660.3189379448886	251.46422945499418	1	1	0	1	1	1	0	1	0	0
13350.799500000008	0.49076423048973083	0.6577680706977844	664.8542389224608	253.38763764604676	1	1	0	1	1	1	0	1	0	0
13384.883499999996	0.49076423048973083	0.6577680706977844	666.9184447232701	254.07777003011358	1	1	0	1	1	1	0	1	0	0
13419.182	0.4886966347694397	0.6612993478775024	667.2072976871609	253.980481616199	1	1	0	1	1	1	0	1	0	0
13453.2742	0.4886966347694397	0.6612993478775024	667.0157171568819	252.92941136727615	1	1	0	1	1	1	0	1	0	0
