0.000000000000000000e+00 0.000000000000000000e+00
0.000000000000000000e+00 0.000000000000000000e+00
0.000000000000000000e+00 0.000000000000000000e+00
0.000000000000000000e+00 0.000000000000000000e+00
0.000000000000000000e+00 0.000000000000000000e+00
0.000000000000000000e+00 0.000000000000000000e+00
0.000000000000000000e+00 0.000000000000000000e+00
0.000000000000000000e+00 0.000000000000000000e+00
0.000000000000000000e+00 0.000000000000000000e+00
0.000000000000000000e+00 0.000000000000000000e+00
0.000000000000000000e+00 0.000000000000000000e+00
0.000000000000000000e+00 0.000000000000000000e+00
0.000000000000000000e+00 0.000000000000000000e+00
0.000000000000000000e+00 0.000000000000000000e+00
0.000000000000000000e+00 0.000000000000000000e+00
0.000000000000000000e+00 0.000000000000000000e+00
0.000000000000000000e+00 0.000000000000000000e+00
0.000000000000000000e+00 0.000000000000000000e+00
0.000000000000000000e+00 0.000000000000000000e+00
0.000000000000000000e+00 0.000000000000000000e+00
0.000000000000000000e+00 0.000000000000000000e+00
0.000000000000000000e+00 0.000000000000000000e+00
0.000000000000000000e+00 0.000000000000000000e+00
0.000000000000000000e+00 0.000000000000000000e+00
0.000000000000000000e+00 0.000000000000000000e+00
0.000000000000000000e+00 0.000000000000000000e+00
0.000000000000000000e+00 0.000000000000000000e+00
0.000000000000000000e+00 0.000000000000000000e+00
0.000000000000000000e+00 0.000000000000000000e+00
0.000000000000000000e+00 0.000000000000000000e+00
0.000000000000000000e+00 0.000000000000000000e+00
0.000000000000000000e+00 0.000000000000000000e+00
0.000000000000000000e+00 0.000000000000000000e+00
0.000000000000000000e+00 0.000000000000000000e+00
0.000000000000000000e+00 0.000000000000000000e+00
0.000000000000000000e+00 0.000000000000000000e+00
0.000000000000000000e+00 0.000000000000000000e+00
0.000000000000000000e+00 0.000000000000000000e+00
0.000000000000000000e+00 0.000000000000000000e+00
0.000000000000000000e+00 0.000000000000000000e+00
0.000000000000000000e+00 0.000000000000000000e+00
0.000000000000000000e+00 0.000000000000000000e+00
0.000000000000000000e+00 0.000000000000000000e+00
0.000000000000000000e+00 0.000000000000000000e+00
0.000000000000000000e+00 0.000000000000000000e+00
0.000000000000000000e+00 0.000000000000000000e+00
0.000000000000000000e+00 0.000000000000000000e+00
0.000000000000000000e+00 0.000000000000000000e+00
0.000000000000000000e+00 0.000000000000000000e+00
0.000000000000000000e+00 0.000000000000000000e+00
0.000000000000000000e+00 0.000000000000000000e+00
0.000000000000000000e+00 0.000000000000000000e+00
0.000000000000000000e+00 0.000000000000000000e+00
0.000000000000000000e+00 0.000000000000000000e+00
0.000000000000000000e+00 0.000000000000000000e+00
0.000000000000000000e+00 0.000000000000000000e+00
0.000000000000000000e+00 0.000000000000000000e+00
0.000000000000000000e+00 0.000000000000000000e+00
0.000000000000000000e+00 0.000000000000000000e+00
0.000000000000000000e+00 0.000000000000000000e+00
0.000000000000000000e+00 0.000000000000000000e+00
0.000000000000000000e+00 0.000000000000000000e+00
0.000000000000000000e+00 0.000000000000000000e+00
0.000000000000000000e+00 0.000000000000000000e+00
0.000000000000000000e+00 0.000000000000000000e+00
0.000000000000000000e+00 0.000000000000000000e+00
0.000000000000000000e+00 0.000000000000000000e+00
0.000000000000000000e+00 0.000000000000000000e+00
0.000000000000000000e+00 0.000000000000000000e+00
0.000000000000000000e+00 0.000000000000000000e+00
0.000000000000000000e+00 0.000000000000000000e+00
0.000000000000000000e+00 0.000000000000000000e+00
0.000000000000000000e+00 0.000000000000000000e+00
0.000000000000000000e+00 0.000000000000000000e+00
0.000000000000000000e+00 0.000000000000000000e+00
0.000000000000000000e+00 0.000000000000000000e+00
0.000000000000000000e+00 0.000000000000000000e+00
0.000000000000000000e+00 0.000000000000000000e+00
0.000000000000000000e+00 0.000000000000000000e+00
0.000000000000000000e+00 0.000000000000000000e+00
0.000000000000000000e+00 0.000000000000000000e+00
0.000000000000000000e+00 0.000000000000000000e+00
0.000000000000000000e+00 0.000000000000000000e+00
4.595559537410736084e-01 7.036436200141906738e-01
4.595559537410736084e-01 7.036436200141906738e-01
4.595559537410736084e-01 7.036436200141906738e-01
4.595559537410736084e-01 7.036436200141906738e-01
4.595559537410736084e-01 7.036436200141906738e-01
4.841995835304260254e-01 7.415112257003784180e-01
4.841995835304260254e-01 7.415112257003784180e-01
4.841995835304260254e-01 7.415112257003784180e-01
4.841995835304260254e-01 7.415112257003784180e-01
4.841995835304260254e-01 7.415112257003784180e-01
4.841995835304260254e-01 7.415112257003784180e-01
5.092728137969970703e-01 7.069677710533142090e-01
5.092728137969970703e-01 7.069677710533142090e-01
5.092728137969970703e-01 7.069677710533142090e-01
5.092728137969970703e-01 7.069677710533142090e-01
5.092728137969970703e-01 7.069677710533142090e-01
5.092728137969970703e-01 7.069677710533142090e-01
5.081080794334411621e-01 6.453344225883483887e-01
5.081080794334411621e-01 6.453344225883483887e-01
5.081080794334411621e-01 6.453344225883483887e-01
5.081080794334411621e-01 6.453344225883483887e-01
5.081080794334411621e-01 6.453344225883483887e-01
4.842785298824310303e-01 5.851032733917236328e-01
4.842785298824310303e-01 5.851032733917236328e-01
4.842785298824310303e-01 5.851032733917236328e-01
4.842785298824310303e-01 5.851032733917236328e-01
4.842785298824310303e-01 5.851032733917236328e-01
4.842785298824310303e-01 5.851032733917236328e-01
4.672993719577789307e-01 5.319949388504028320e-01
4.672993719577789307e-01 5.319949388504028320e-01
4.672993719577789307e-01 5.319949388504028320e-01
4.672993719577789307e-01 5.319949388504028320e-01
4.672993719577789307e-01 5.319949388504028320e-01
4.672993719577789307e-01 5.319949388504028320e-01
4.695758223533630371e-01 5.051535367965698242e-01
4.695758223533630371e-01 5.051535367965698242e-01
4.695758223533630371e-01 5.051535367965698242e-01
4.695758223533630371e-01 5.051535367965698242e-01
4.695758223533630371e-01 5.051535367965698242e-01
4.695758223533630371e-01 5.051535367965698242e-01
4.695758223533630371e-01 5.051535367965698242e-01
4.972394108772277832e-01 5.440687537193298340e-01
4.972394108772277832e-01 5.440687537193298340e-01
4.972394108772277832e-01 5.440687537193298340e-01
4.972394108772277832e-01 5.440687537193298340e-01
4.972394108772277832e-01 5.440687537193298340e-01
4.972394108772277832e-01 5.440687537193298340e-01
5.008560419082641602e-01 5.892438888549804688e-01
5.008560419082641602e-01 5.892438888549804688e-01
5.008560419082641602e-01 5.892438888549804688e-01
5.008560419082641602e-01 5.892438888549804688e-01
5.008560419082641602e-01 5.892438888549804688e-01
5.008560419082641602e-01 5.892438888549804688e-01
5.183802247047424316e-01 6.522244215011596680e-01
5.183802247047424316e-01 6.522244215011596680e-01
5.183802247047424316e-01 6.522244215011596680e-01
5.183802247047424316e-01 6.522244215011596680e-01
5.183802247047424316e-01 6.522244215011596680e-01
5.183802247047424316e-01 6.522244215011596680e-01
5.271819829940795898e-01 6.908128261566162109e-01
5.271819829940795898e-01 6.908128261566162109e-01
5.271819829940795898e-01 6.908128261566162109e-01
5.271819829940795898e-01 6.908128261566162109e-01
5.271819829940795898e-01 6.908128261566162109e-01
5.271819829940795898e-01 6.908128261566162109e-01
5.462003946304321289e-01 6.979629397392272949e-01
5.462003946304321289e-01 6.979629397392272949e-01
5.462003946304321289e-01 6.979629397392272949e-01
5.462003946304321289e-01 6.979629397392272949e-01
5.462003946304321289e-01 6.979629397392272949e-01
5.462003946304321289e-01 6.979629397392272949e-01
5.462003946304321289e-01 6.979629397392272949e-01
5.616930723190307617e-01 6.691707372665405273e-01
5.616930723190307617e-01 6.691707372665405273e-01
5.616930723190307617e-01 6.691707372665405273e-01
5.616930723190307617e-01 6.691707372665405273e-01
5.616930723190307617e-01 6.691707372665405273e-01
5.635839700698852539e-01 5.934036970138549805e-01
5.635839700698852539e-01 5.934036970138549805e-01
5.635839700698852539e-01 5.934036970138549805e-01
5.635839700698852539e-01 5.934036970138549805e-01
5.635839700698852539e-01 5.934036970138549805e-01
5.542660355567932129e-01 5.375980734825134277e-01
5.542660355567932129e-01 5.375980734825134277e-01
5.542660355567932129e-01 5.375980734825134277e-01
5.542660355567932129e-01 5.375980734825134277e-01
5.542660355567932129e-01 5.375980734825134277e-01
5.542660355567932129e-01 5.375980734825134277e-01
5.575866699218750000e-01 5.304139852523803711e-01
5.575866699218750000e-01 5.304139852523803711e-01
5.575866699218750000e-01 5.304139852523803711e-01
5.575866699218750000e-01 5.304139852523803711e-01
5.575866699218750000e-01 5.304139852523803711e-01
5.575866699218750000e-01 5.304139852523803711e-01
5.575866699218750000e-01 5.304139852523803711e-01
5.846892595291137695e-01 5.541828870773315430e-01
5.846892595291137695e-01 5.541828870773315430e-01
5.846892595291137695e-01 5.541828870773315430e-01
5.846892595291137695e-01 5.541828870773315430e-01
5.846892595291137695e-01 5.541828870773315430e-01
5.846892595291137695e-01 5.541828870773315430e-01
5.876111984252929688e-01 6.366455554962158203e-01
5.876111984252929688e-01 6.366455554962158203e-01
5.876111984252929688e-01 6.366455554962158203e-01
5.876111984252929688e-01 6.366455554962158203e-01
5.876111984252929688e-01 6.366455554962158203e-01
5.876111984252929688e-01 6.366455554962158203e-01
5.876111984252929688e-01 6.366455554962158203e-01
5.876111984252929688e-01 6.366455554962158203e-01
5.876111984252929688e-01 6.366455554962158203e-01
5.876111984252929688e-01 6.366455554962158203e-01
5.876111984252929688e-01 6.366455554962158203e-01
5.876111984252929688e-01 6.366455554962158203e-01
5.876111984252929688e-01 6.366455554962158203e-01
5.876111984252929688e-01 6.366455554962158203e-01
5.876111984252929688e-01 6.366455554962158203e-01
5.876111984252929688e-01 6.366455554962158203e-01
5.876111984252929688e-01 6.366455554962158203e-01
5.876111984252929688e-01 6.366455554962158203e-01
5.826317071914672852e-01 6.813313364982604980e-01
5.826317071914672852e-01 6.813313364982604980e-01
5.826317071914672852e-01 6.813313364982604980e-01
5.826317071914672852e-01 6.813313364982604980e-01
5.826317071914672852e-01 6.813313364982604980e-01
5.826317071914672852e-01 6.813313364982604980e-01
5.826317071914672852e-01 6.813313364982604980e-01
5.826317071914672852e-01 6.813313364982604980e-01
5.826317071914672852e-01 6.813313364982604980e-01
5.826317071914672852e-01 6.813313364982604980e-01
5.826317071914672852e-01 6.813313364982604980e-01
5.826317071914672852e-01 6.813313364982604980e-01
5.826317071914672852e-01 6.813313364982604980e-01
5.826317071914672852e-01 6.813313364982604980e-01
5.826317071914672852e-01 6.813313364982604980e-01
5.826317071914672852e-01 6.813313364982604980e-01
5.826317071914672852e-01 6.813313364982604980e-01
6.352667212486267090e-01 6.462320089340209961e-01
6.352667212486267090e-01 6.462320089340209961e-01
6.352667212486267090e-01 6.462320089340209961e-01
6.352667212486267090e-01 6.462320089340209961e-01
6.352667212486267090e-01 6.462320089340209961e-01
6.352667212486267090e-01 6.462320089340209961e-01
6.352667212486267090e-01 6.462320089340209961e-01
6.352667212486267090e-01 6.462320089340209961e-01
6.352667212486267090e-01 6.462320089340209961e-01
6.352667212486267090e-01 6.462320089340209961e-01
6.352667212486267090e-01 6.462320089340209961e-01
6.352667212486267090e-01 6.462320089340209961e-01
6.352667212486267090e-01 6.462320089340209961e-01
6.352667212486267090e-01 6.462320089340209961e-01
6.352667212486267090e-01 6.462320089340209961e-01
6.352667212486267090e-01 6.462320089340209961e-01
6.352667212486267090e-01 6.462320089340209961e-01
6.352667212486267090e-01 6.462320089340209961e-01
5.510355234146118164e-01 5.370267629623413086e-01
5.510355234146118164e-01 5.370267629623413086e-01
5.510355234146118164e-01 5.370267629623413086e-01
5.510355234146118164e-01 5.370267629623413086e-01
5.510355234146118164e-01 5.370267629623413086e-01
5.510355234146118164e-01 5.370267629623413086e-01
5.510355234146118164e-01 5.370267629623413086e-01
5.510355234146118164e-01 5.370267629623413086e-01
5.510355234146118164e-01 5.370267629623413086e-01
5.510355234146118164e-01 5.370267629623413086e-01
5.510355234146118164e-01 5.370267629623413086e-01
5.510355234146118164e-01 5.370267629623413086e-01
5.510355234146118164e-01 5.370267629623413086e-01
5.510355234146118164e-01 5.370267629623413086e-01
5.510355234146118164e-01 5.370267629623413086e-01
5.510355234146118164e-01 5.370267629623413086e-01
5.510355234146118164e-01 5.370267629623413086e-01
5.510355234146118164e-01 5.370267629623413086e-01
5.510355234146118164e-01 5.370267629623413086e-01
3.970212340354919434e-01 5.416316986083984375e-01
3.970212340354919434e-01 5.416316986083984375e-01
3.970212340354919434e-01 5.416316986083984375e-01
3.970212340354919434e-01 5.416316986083984375e-01
3.970212340354919434e-01 5.416316986083984375e-01
3.970212340354919434e-01 5.416316986083984375e-01
3.970212340354919434e-01 5.416316986083984375e-01
3.970212340354919434e-01 5.416316986083984375e-01
3.970212340354919434e-01 5.416316986083984375e-01
3.970212340354919434e-01 5.416316986083984375e-01
3.970212340354919434e-01 5.416316986083984375e-01
3.970212340354919434e-01 5.416316986083984375e-01
3.970212340354919434e-01 5.416316986083984375e-01
3.970212340354919434e-01 5.416316986083984375e-01
3.970212340354919434e-01 5.416316986083984375e-01
3.970212340354919434e-01 5.416316986083984375e-01
3.970212340354919434e-01 5.416316986083984375e-01
3.970212340354919434e-01 5.416316986083984375e-01
3.679133057594299316e-01 6.409654617309570312e-01
3.679133057594299316e-01 6.409654617309570312e-01
3.679133057594299316e-01 6.409654617309570312e-01
3.679133057594299316e-01 6.409654617309570312e-01
3.679133057594299316e-01 6.409654617309570312e-01
3.679133057594299316e-01 6.409654617309570312e-01
3.679133057594299316e-01 6.409654617309570312e-01
3.679133057594299316e-01 6.409654617309570312e-01
3.679133057594299316e-01 6.409654617309570312e-01
3.679133057594299316e-01 6.409654617309570312e-01
3.679133057594299316e-01 6.409654617309570312e-01
3.679133057594299316e-01 6.409654617309570312e-01
3.679133057594299316e-01 6.409654617309570312e-01
3.679133057594299316e-01 6.409654617309570312e-01
3.679133057594299316e-01 6.409654617309570312e-01
3.679133057594299316e-01 6.409654617309570312e-01
3.679133057594299316e-01 6.409654617309570312e-01
3.679133057594299316e-01 6.409654617309570312e-01
3.679133057594299316e-01 6.409654617309570312e-01
5.394878387451171875e-01 6.009361743927001953e-01
5.394878387451171875e-01 6.009361743927001953e-01
5.394878387451171875e-01 6.009361743927001953e-01
5.394878387451171875e-01 6.009361743927001953e-01
5.394878387451171875e-01 6.009361743927001953e-01
5.394878387451171875e-01 6.009361743927001953e-01
5.394878387451171875e-01 6.009361743927001953e-01
5.394878387451171875e-01 6.009361743927001953e-01
5.394878387451171875e-01 6.009361743927001953e-01
5.394878387451171875e-01 6.009361743927001953e-01
5.394878387451171875e-01 6.009361743927001953e-01
5.394878387451171875e-01 6.009361743927001953e-01
5.394878387451171875e-01 6.009361743927001953e-01
5.394878387451171875e-01 6.009361743927001953e-01
5.394878387451171875e-01 6.009361743927001953e-01
5.394878387451171875e-01 6.009361743927001953e-01
5.394878387451171875e-01 6.009361743927001953e-01
6.053156256675720215e-01 6.683400273323059082e-01
6.053156256675720215e-01 6.683400273323059082e-01
6.053156256675720215e-01 6.683400273323059082e-01
6.053156256675720215e-01 6.683400273323059082e-01
6.053156256675720215e-01 6.683400273323059082e-01
6.053156256675720215e-01 6.683400273323059082e-01
6.053156256675720215e-01 6.683400273323059082e-01
6.053156256675720215e-01 6.683400273323059082e-01
6.053156256675720215e-01 6.683400273323059082e-01
6.053156256675720215e-01 6.683400273323059082e-01
6.053156256675720215e-01 6.683400273323059082e-01
6.053156256675720215e-01 6.683400273323059082e-01
6.053156256675720215e-01 6.683400273323059082e-01
6.053156256675720215e-01 6.683400273323059082e-01
6.053156256675720215e-01 6.683400273323059082e-01
6.053156256675720215e-01 6.683400273323059082e-01
6.053156256675720215e-01 6.683400273323059082e-01
6.053156256675720215e-01 6.683400273323059082e-01
5.031090974807739258e-01 6.443662047386169434e-01
5.031090974807739258e-01 6.443662047386169434e-01
5.031090974807739258e-01 6.443662047386169434e-01
5.031090974807739258e-01 6.443662047386169434e-01
5.031090974807739258e-01 6.443662047386169434e-01
5.031090974807739258e-01 6.443662047386169434e-01
5.031090974807739258e-01 6.443662047386169434e-01
5.031090974807739258e-01 6.443662047386169434e-01
5.031090974807739258e-01 6.443662047386169434e-01
5.031090974807739258e-01 6.443662047386169434e-01
5.031090974807739258e-01 6.443662047386169434e-01
5.031090974807739258e-01 6.443662047386169434e-01
5.031090974807739258e-01 6.443662047386169434e-01
5.031090974807739258e-01 6.443662047386169434e-01
5.031090974807739258e-01 6.443662047386169434e-01
5.031090974807739258e-01 6.443662047386169434e-01
5.031090974807739258e-01 6.443662047386169434e-01
5.031090974807739258e-01 6.443662047386169434e-01
5.031090974807739258e-01 6.443662047386169434e-01
5.031090974807739258e-01 6.443662047386169434e-01
3.361558020114898682e-01 6.761242151260375977e-01
3.361558020114898682e-01 6.761242151260375977e-01
3.361558020114898682e-01 6.761242151260375977e-01
3.361558020114898682e-01 6.761242151260375977e-01
3.361558020114898682e-01 6.761242151260375977e-01
3.361558020114898682e-01 6.761242151260375977e-01
3.361558020114898682e-01 6.761242151260375977e-01
3.361558020114898682e-01 6.761242151260375977e-01
3.361558020114898682e-01 6.761242151260375977e-01
3.361558020114898682e-01 6.761242151260375977e-01
3.361558020114898682e-01 6.761242151260375977e-01
3.361558020114898682e-01 6.761242151260375977e-01
3.361558020114898682e-01 6.761242151260375977e-01
3.361558020114898682e-01 6.761242151260375977e-01
3.361558020114898682e-01 6.761242151260375977e-01
3.361558020114898682e-01 6.761242151260375977e-01
3.361558020114898682e-01 6.761242151260375977e-01
4.502700865268707275e-01 7.038803100585937500e-01
4.502700865268707275e-01 7.038803100585937500e-01
4.502700865268707275e-01 7.038803100585937500e-01
4.502700865268707275e-01 7.038803100585937500e-01
4.502700865268707275e-01 7.038803100585937500e-01
4.502700865268707275e-01 7.038803100585937500e-01
4.502700865268707275e-01 7.038803100585937500e-01
4.502700865268707275e-01 7.038803100585937500e-01
4.502700865268707275e-01 7.038803100585937500e-01
4.502700865268707275e-01 7.038803100585937500e-01
4.502700865268707275e-01 7.038803100585937500e-01
4.502700865268707275e-01 7.038803100585937500e-01
4.502700865268707275e-01 7.038803100585937500e-01
4.502700865268707275e-01 7.038803100585937500e-01
4.502700865268707275e-01 7.038803100585937500e-01
4.502700865268707275e-01 7.038803100585937500e-01
4.502700865268707275e-01 7.038803100585937500e-01
4.502700865268707275e-01 7.038803100585937500e-01
4.502700865268707275e-01 7.038803100585937500e-01
6.123194098472595215e-01 6.864901185035705566e-01
6.123194098472595215e-01 6.864901185035705566e-01
6.123194098472595215e-01 6.864901185035705566e-01
6.123194098472595215e-01 6.864901185035705566e-01
6.123194098472595215e-01 6.864901185035705566e-01
6.123194098472595215e-01 6.864901185035705566e-01
6.123194098472595215e-01 6.864901185035705566e-01
6.123194098472595215e-01 6.864901185035705566e-01
6.123194098472595215e-01 6.864901185035705566e-01
6.123194098472595215e-01 6.864901185035705566e-01
6.123194098472595215e-01 6.864901185035705566e-01
6.123194098472595215e-01 6.864901185035705566e-01
6.123194098472595215e-01 6.864901185035705566e-01
6.123194098472595215e-01 6.864901185035705566e-01
6.123194098472595215e-01 6.864901185035705566e-01
6.123194098472595215e-01 6.864901185035705566e-01
6.123194098472595215e-01 6.864901185035705566e-01
5.843290686607360840e-01 7.347322106361389160e-01
5.843290686607360840e-01 7.347322106361389160e-01
5.843290686607360840e-01 7.347322106361389160e-01
5.843290686607360840e-01 7.347322106361389160e-01
5.843290686607360840e-01 7.347322106361389160e-01
5.843290686607360840e-01 7.347322106361389160e-01
5.843290686607360840e-01 7.347322106361389160e-01
5.843290686607360840e-01 7.347322106361389160e-01
5.843290686607360840e-01 7.347322106361389160e-01
5.843290686607360840e-01 7.347322106361389160e-01
5.843290686607360840e-01 7.347322106361389160e-01
5.843290686607360840e-01 7.347322106361389160e-01
5.843290686607360840e-01 7.347322106361389160e-01
5.843290686607360840e-01 7.347322106361389160e-01
5.843290686607360840e-01 7.347322106361389160e-01
5.843290686607360840e-01 7.347322106361389160e-01
5.843290686607360840e-01 7.347322106361389160e-01
5.843290686607360840e-01 7.347322106361389160e-01
5.843290686607360840e-01 7.347322106361389160e-01
3.980751931667327881e-01 6.985018253326416016e-01
3.980751931667327881e-01 6.985018253326416016e-01
3.980751931667327881e-01 6.985018253326416016e-01
3.980751931667327881e-01 6.985018253326416016e-01
3.980751931667327881e-01 6.985018253326416016e-01
3.980751931667327881e-01 6.985018253326416016e-01
3.980751931667327881e-01 6.985018253326416016e-01
3.980751931667327881e-01 6.985018253326416016e-01
3.790903687477111816e-01 7.681835889816284180e-01
3.790903687477111816e-01 7.681835889816284180e-01
3.790903687477111816e-01 7.681835889816284180e-01
4.371507763862609863e-01 7.595502734184265137e-01
4.371507763862609863e-01 7.595502734184265137e-01
4.371507763862609863e-01 7.595502734184265137e-01
4.371507763862609863e-01 7.595502734184265137e-01
4.371507763862609863e-01 7.595502734184265137e-01
4.371507763862609863e-01 7.595502734184265137e-01
5.081702470779418945e-01 7.652819752693176270e-01
5.081702470779418945e-01 7.652819752693176270e-01
5.081702470779418945e-01 7.652819752693176270e-01
5.081702470779418945e-01 7.652819752693176270e-01
5.081702470779418945e-01 7.652819752693176270e-01
5.081702470779418945e-01 7.652819752693176270e-01
5.553340911865234375e-01 7.371875047683715820e-01
5.553340911865234375e-01 7.371875047683715820e-01
5.553340911865234375e-01 7.371875047683715820e-01
5.553340911865234375e-01 7.371875047683715820e-01
5.553340911865234375e-01 7.371875047683715820e-01
5.553340911865234375e-01 7.371875047683715820e-01
5.969036817550659180e-01 7.333803772926330566e-01
5.969036817550659180e-01 7.333803772926330566e-01
5.969036817550659180e-01 7.333803772926330566e-01
5.969036817550659180e-01 7.333803772926330566e-01
5.969036817550659180e-01 7.333803772926330566e-01
5.969036817550659180e-01 7.333803772926330566e-01
5.969036817550659180e-01 7.333803772926330566e-01
6.156024932861328125e-01 7.211920619010925293e-01
6.156024932861328125e-01 7.211920619010925293e-01
6.156024932861328125e-01 7.211920619010925293e-01
6.156024932861328125e-01 7.211920619010925293e-01
6.156024932861328125e-01 7.211920619010925293e-01
6.156024932861328125e-01 7.211920619010925293e-01
6.148712635040283203e-01 7.134726643562316895e-01
6.148712635040283203e-01 7.134726643562316895e-01
6.148712635040283203e-01 7.134726643562316895e-01
6.148712635040283203e-01 7.134726643562316895e-01
6.148712635040283203e-01 7.134726643562316895e-01
5.882467031478881836e-01 7.016935944557189941e-01
5.882467031478881836e-01 7.016935944557189941e-01
5.882467031478881836e-01 7.016935944557189941e-01
5.882467031478881836e-01 7.016935944557189941e-01
5.882467031478881836e-01 7.016935944557189941e-01
5.882467031478881836e-01 7.016935944557189941e-01
5.882467031478881836e-01 7.016935944557189941e-01
5.344726443290710449e-01 6.838018894195556641e-01
5.344726443290710449e-01 6.838018894195556641e-01
5.344726443290710449e-01 6.838018894195556641e-01
5.344726443290710449e-01 6.838018894195556641e-01
5.344726443290710449e-01 6.838018894195556641e-01
5.344726443290710449e-01 6.838018894195556641e-01
4.511551260948181152e-01 6.774861812591552734e-01
4.511551260948181152e-01 6.774861812591552734e-01
4.511551260948181152e-01 6.774861812591552734e-01
4.511551260948181152e-01 6.774861812591552734e-01
4.511551260948181152e-01 6.774861812591552734e-01
4.511551260948181152e-01 6.774861812591552734e-01
3.785225450992584229e-01 6.653611063957214355e-01
3.785225450992584229e-01 6.653611063957214355e-01
3.785225450992584229e-01 6.653611063957214355e-01
3.785225450992584229e-01 6.653611063957214355e-01
3.785225450992584229e-01 6.653611063957214355e-01
3.785225450992584229e-01 6.653611063957214355e-01
3.493470549583435059e-01 6.510981917381286621e-01
3.493470549583435059e-01 6.510981917381286621e-01
3.493470549583435059e-01 6.510981917381286621e-01
3.493470549583435059e-01 6.510981917381286621e-01
3.493470549583435059e-01 6.510981917381286621e-01
3.493470549583435059e-01 6.510981917381286621e-01
3.494097590446472168e-01 5.969648957252502441e-01
3.494097590446472168e-01 5.969648957252502441e-01
3.494097590446472168e-01 5.969648957252502441e-01
3.494097590446472168e-01 5.969648957252502441e-01
3.494097590446472168e-01 5.969648957252502441e-01
3.494097590446472168e-01 5.969648957252502441e-01
3.455719947814941406e-01 5.593334436416625977e-01
3.455719947814941406e-01 5.593334436416625977e-01
3.455719947814941406e-01 5.593334436416625977e-01
3.455719947814941406e-01 5.593334436416625977e-01
3.455719947814941406e-01 5.593334436416625977e-01
3.455719947814941406e-01 5.593334436416625977e-01
3.548389673233032227e-01 4.932410418987274170e-01
3.548389673233032227e-01 4.932410418987274170e-01
3.548389673233032227e-01 4.932410418987274170e-01
3.548389673233032227e-01 4.932410418987274170e-01
3.548389673233032227e-01 4.932410418987274170e-01
3.548389673233032227e-01 4.932410418987274170e-01
3.798354268074035645e-01 4.712281227111816406e-01
3.798354268074035645e-01 4.712281227111816406e-01
3.798354268074035645e-01 4.712281227111816406e-01
3.798354268074035645e-01 4.712281227111816406e-01
3.798354268074035645e-01 4.712281227111816406e-01
3.798354268074035645e-01 4.712281227111816406e-01
3.798354268074035645e-01 4.712281227111816406e-01
4.409638941287994385e-01 4.726290702819824219e-01
4.409638941287994385e-01 4.726290702819824219e-01
4.409638941287994385e-01 4.726290702819824219e-01
4.409638941287994385e-01 4.726290702819824219e-01
4.409638941287994385e-01 4.726290702819824219e-01
4.919026494026184082e-01 4.438362121582031250e-01
4.919026494026184082e-01 4.438362121582031250e-01
4.919026494026184082e-01 4.438362121582031250e-01
4.919026494026184082e-01 4.438362121582031250e-01
4.919026494026184082e-01 4.438362121582031250e-01
4.919026494026184082e-01 4.438362121582031250e-01
5.535411834716796875e-01 4.802775382995605469e-01
5.535411834716796875e-01 4.802775382995605469e-01
5.535411834716796875e-01 4.802775382995605469e-01
5.535411834716796875e-01 4.802775382995605469e-01
5.535411834716796875e-01 4.802775382995605469e-01
5.535411834716796875e-01 4.802775382995605469e-01
5.808030366897583008e-01 4.919981956481933594e-01
5.808030366897583008e-01 4.919981956481933594e-01
5.808030366897583008e-01 4.919981956481933594e-01
5.808030366897583008e-01 4.919981956481933594e-01
5.808030366897583008e-01 4.919981956481933594e-01
5.808030366897583008e-01 4.919981956481933594e-01
5.808030366897583008e-01 4.919981956481933594e-01
6.119034886360168457e-01 5.140569210052490234e-01
6.119034886360168457e-01 5.140569210052490234e-01
6.119034886360168457e-01 5.140569210052490234e-01
6.119034886360168457e-01 5.140569210052490234e-01
6.119034886360168457e-01 5.140569210052490234e-01
6.119034886360168457e-01 5.140569210052490234e-01
6.450855731964111328e-01 5.455213189125061035e-01
6.450855731964111328e-01 5.455213189125061035e-01
6.450855731964111328e-01 5.455213189125061035e-01
6.450855731964111328e-01 5.455213189125061035e-01
6.450855731964111328e-01 5.455213189125061035e-01
6.450855731964111328e-01 5.455213189125061035e-01
6.712015867233276367e-01 6.145164370536804199e-01
6.712015867233276367e-01 6.145164370536804199e-01
6.712015867233276367e-01 6.145164370536804199e-01
6.712015867233276367e-01 6.145164370536804199e-01
6.712015867233276367e-01 6.145164370536804199e-01
6.712015867233276367e-01 6.145164370536804199e-01
6.842128634452819824e-01 6.491800546646118164e-01
6.842128634452819824e-01 6.491800546646118164e-01
6.842128634452819824e-01 6.491800546646118164e-01
6.842128634452819824e-01 6.491800546646118164e-01
6.842128634452819824e-01 6.491800546646118164e-01
6.842128634452819824e-01 6.491800546646118164e-01
6.991405487060546875e-01 6.725341081619262695e-01
6.991405487060546875e-01 6.725341081619262695e-01
6.991405487060546875e-01 6.725341081619262695e-01
6.991405487060546875e-01 6.725341081619262695e-01
6.991405487060546875e-01 6.725341081619262695e-01
6.991405487060546875e-01 6.725341081619262695e-01
7.031051516532897949e-01 6.838945746421813965e-01
7.031051516532897949e-01 6.838945746421813965e-01
7.031051516532897949e-01 6.838945746421813965e-01
7.031051516532897949e-01 6.838945746421813965e-01
7.031051516532897949e-01 6.838945746421813965e-01
7.031051516532897949e-01 6.838945746421813965e-01
7.031051516532897949e-01 6.838945746421813965e-01
6.800242662429809570e-01 6.960731148719787598e-01
6.800242662429809570e-01 6.960731148719787598e-01
6.800242662429809570e-01 6.960731148719787598e-01
6.800242662429809570e-01 6.960731148719787598e-01
6.800242662429809570e-01 6.960731148719787598e-01
6.282166242599487305e-01 7.224996089935302734e-01
6.282166242599487305e-01 7.224996089935302734e-01
6.282166242599487305e-01 7.224996089935302734e-01
6.282166242599487305e-01 7.224996089935302734e-01
6.282166242599487305e-01 7.224996089935302734e-01
6.282166242599487305e-01 7.224996089935302734e-01
5.638740658760070801e-01 7.184569239616394043e-01
5.638740658760070801e-01 7.184569239616394043e-01
5.638740658760070801e-01 7.184569239616394043e-01
5.638740658760070801e-01 7.184569239616394043e-01
5.638740658760070801e-01 7.184569239616394043e-01
5.638740658760070801e-01 7.184569239616394043e-01
5.067381262779235840e-01 7.029486298561096191e-01
5.067381262779235840e-01 7.029486298561096191e-01
5.067381262779235840e-01 7.029486298561096191e-01
5.067381262779235840e-01 7.029486298561096191e-01
5.067381262779235840e-01 7.029486298561096191e-01
5.067381262779235840e-01 7.029486298561096191e-01
5.067381262779235840e-01 7.029486298561096191e-01
4.389490187168121338e-01 6.773346662521362305e-01
4.389490187168121338e-01 6.773346662521362305e-01
4.389490187168121338e-01 6.773346662521362305e-01
4.389490187168121338e-01 6.773346662521362305e-01
4.389490187168121338e-01 6.773346662521362305e-01
4.389490187168121338e-01 6.773346662521362305e-01
3.899769783020019531e-01 6.512364745140075684e-01
3.899769783020019531e-01 6.512364745140075684e-01
3.899769783020019531e-01 6.512364745140075684e-01
3.899769783020019531e-01 6.512364745140075684e-01
3.899769783020019531e-01 6.512364745140075684e-01
3.899769783020019531e-01 6.512364745140075684e-01
3.607748150825500488e-01 5.873066186904907227e-01
3.607748150825500488e-01 5.873066186904907227e-01
3.607748150825500488e-01 5.873066186904907227e-01
3.607748150825500488e-01 5.873066186904907227e-01
3.607748150825500488e-01 5.873066186904907227e-01
3.607748150825500488e-01 5.873066186904907227e-01
3.511208891868591309e-01 5.603026747703552246e-01
3.511208891868591309e-01 5.603026747703552246e-01
3.511208891868591309e-01 5.603026747703552246e-01
3.511208891868591309e-01 5.603026747703552246e-01
3.511208891868591309e-01 5.603026747703552246e-01
3.511208891868591309e-01 5.603026747703552246e-01
3.577787578105926514e-01 5.241398811340332031e-01
3.577787578105926514e-01 5.241398811340332031e-01
3.577787578105926514e-01 5.241398811340332031e-01
3.577787578105926514e-01 5.241398811340332031e-01
3.577787578105926514e-01 5.241398811340332031e-01
3.577787578105926514e-01 5.241398811340332031e-01
3.848358690738677979e-01 5.053924322128295898e-01
3.848358690738677979e-01 5.053924322128295898e-01
3.848358690738677979e-01 5.053924322128295898e-01
3.848358690738677979e-01 5.053924322128295898e-01
3.848358690738677979e-01 5.053924322128295898e-01
3.848358690738677979e-01 5.053924322128295898e-01
4.177087843418121338e-01 5.331546068191528320e-01
4.177087843418121338e-01 5.331546068191528320e-01
4.177087843418121338e-01 5.331546068191528320e-01
4.177087843418121338e-01 5.331546068191528320e-01
4.177087843418121338e-01 5.331546068191528320e-01
4.177087843418121338e-01 5.331546068191528320e-01
4.143528342247009277e-01 5.852963924407958984e-01
4.143528342247009277e-01 5.852963924407958984e-01
4.143528342247009277e-01 5.852963924407958984e-01
4.143528342247009277e-01 5.852963924407958984e-01
4.143528342247009277e-01 5.852963924407958984e-01
4.143528342247009277e-01 5.852963924407958984e-01
4.190033972263336182e-01 6.351784467697143555e-01
4.190033972263336182e-01 6.351784467697143555e-01
4.190033972263336182e-01 6.351784467697143555e-01
4.190033972263336182e-01 6.351784467697143555e-01
4.190033972263336182e-01 6.351784467697143555e-01
4.190033972263336182e-01 6.351784467697143555e-01
4.261742532253265381e-01 6.713199019432067871e-01
4.261742532253265381e-01 6.713199019432067871e-01
4.261742532253265381e-01 6.713199019432067871e-01
4.261742532253265381e-01 6.713199019432067871e-01
4.261742532253265381e-01 6.713199019432067871e-01
4.261742532253265381e-01 6.713199019432067871e-01
4.555599689483642578e-01 6.890509128570556641e-01
4.555599689483642578e-01 6.890509128570556641e-01
4.555599689483642578e-01 6.890509128570556641e-01
4.555599689483642578e-01 6.890509128570556641e-01
4.555599689483642578e-01 6.890509128570556641e-01
4.555599689483642578e-01 6.890509128570556641e-01
4.555599689483642578e-01 6.890509128570556641e-01
4.782122969627380371e-01 6.677160859107971191e-01
4.782122969627380371e-01 6.677160859107971191e-01
4.782122969627380371e-01 6.677160859107971191e-01
4.782122969627380371e-01 6.677160859107971191e-01
4.782122969627380371e-01 6.677160859107971191e-01
4.657371938228607178e-01 6.164676547050476074e-01
4.657371938228607178e-01 6.164676547050476074e-01
4.657371938228607178e-01 6.164676547050476074e-01
4.657371938228607178e-01 6.164676547050476074e-01
4.657371938228607178e-01 6.164676547050476074e-01
4.657371938228607178e-01 6.164676547050476074e-01
4.559892714023590088e-01 5.785574316978454590e-01
4.559892714023590088e-01 5.785574316978454590e-01
4.559892714023590088e-01 5.785574316978454590e-01
4.559892714023590088e-01 5.785574316978454590e-01
4.559892714023590088e-01 5.785574316978454590e-01
4.559892714023590088e-01 5.785574316978454590e-01
4.559892714023590088e-01 5.785574316978454590e-01
4.502790570259094238e-01 5.398877859115600586e-01
4.502790570259094238e-01 5.398877859115600586e-01
4.502790570259094238e-01 5.398877859115600586e-01
4.502790570259094238e-01 5.398877859115600586e-01
4.502790570259094238e-01 5.398877859115600586e-01
4.502790570259094238e-01 5.398877859115600586e-01
4.436160922050476074e-01 5.119559764862060547e-01
4.436160922050476074e-01 5.119559764862060547e-01
4.436160922050476074e-01 5.119559764862060547e-01
4.436160922050476074e-01 5.119559764862060547e-01
4.436160922050476074e-01 5.119559764862060547e-01
4.436160922050476074e-01 5.119559764862060547e-01
4.498430788516998291e-01 5.268046855926513672e-01
4.498430788516998291e-01 5.268046855926513672e-01
4.498430788516998291e-01 5.268046855926513672e-01
4.498430788516998291e-01 5.268046855926513672e-01
4.498430788516998291e-01 5.268046855926513672e-01
4.498430788516998291e-01 5.268046855926513672e-01
4.744233191013336182e-01 5.577640533447265625e-01
4.744233191013336182e-01 5.577640533447265625e-01
4.744233191013336182e-01 5.577640533447265625e-01
4.744233191013336182e-01 5.577640533447265625e-01
4.744233191013336182e-01 5.577640533447265625e-01
4.744233191013336182e-01 5.577640533447265625e-01
4.745823740959167480e-01 5.961334705352783203e-01
4.745823740959167480e-01 5.961334705352783203e-01
4.745823740959167480e-01 5.961334705352783203e-01
4.745823740959167480e-01 5.961334705352783203e-01
4.745823740959167480e-01 5.961334705352783203e-01
4.745823740959167480e-01 5.961334705352783203e-01
5.019934177398681641e-01 6.601662039756774902e-01
5.019934177398681641e-01 6.601662039756774902e-01
5.019934177398681641e-01 6.601662039756774902e-01
5.019934177398681641e-01 6.601662039756774902e-01
5.019934177398681641e-01 6.601662039756774902e-01
5.019934177398681641e-01 6.601662039756774902e-01
5.019934177398681641e-01 6.601662039756774902e-01
5.115758180618286133e-01 6.775286793708801270e-01
5.115758180618286133e-01 6.775286793708801270e-01
5.115758180618286133e-01 6.775286793708801270e-01
5.115758180618286133e-01 6.775286793708801270e-01
5.115758180618286133e-01 6.775286793708801270e-01
5.115758180618286133e-01 6.775286793708801270e-01
5.269246697425842285e-01 6.697940230369567871e-01
5.269246697425842285e-01 6.697940230369567871e-01
5.269246697425842285e-01 6.697940230369567871e-01
5.269246697425842285e-01 6.697940230369567871e-01
5.269246697425842285e-01 6.697940230369567871e-01
5.486317873001098633e-01 6.546310186386108398e-01
5.486317873001098633e-01 6.546310186386108398e-01
5.486317873001098633e-01 6.546310186386108398e-01
5.486317873001098633e-01 6.546310186386108398e-01
5.486317873001098633e-01 6.546310186386108398e-01
5.486317873001098633e-01 6.546310186386108398e-01
5.596818327903747559e-01 5.970636010169982910e-01
5.596818327903747559e-01 5.970636010169982910e-01
5.596818327903747559e-01 5.970636010169982910e-01
5.596818327903747559e-01 5.970636010169982910e-01
5.596818327903747559e-01 5.970636010169982910e-01
5.596818327903747559e-01 5.970636010169982910e-01
5.596818327903747559e-01 5.970636010169982910e-01
5.527513623237609863e-01 5.726481676101684570e-01
5.527513623237609863e-01 5.726481676101684570e-01
5.527513623237609863e-01 5.726481676101684570e-01
5.527513623237609863e-01 5.726481676101684570e-01
5.527513623237609863e-01 5.726481676101684570e-01
5.527513623237609863e-01 5.726481676101684570e-01
5.438047647476196289e-01 5.467851161956787109e-01
5.438047647476196289e-01 5.467851161956787109e-01
5.438047647476196289e-01 5.467851161956787109e-01
5.438047647476196289e-01 5.467851161956787109e-01
5.438047647476196289e-01 5.467851161956787109e-01
5.438047647476196289e-01 5.467851161956787109e-01
5.428209304809570312e-01 5.367547273635864258e-01
5.428209304809570312e-01 5.367547273635864258e-01
5.428209304809570312e-01 5.367547273635864258e-01
5.428209304809570312e-01 5.367547273635864258e-01
5.428209304809570312e-01 5.367547273635864258e-01
5.428209304809570312e-01 5.367547273635864258e-01
5.547126531600952148e-01 5.444421768188476562e-01
5.547126531600952148e-01 5.444421768188476562e-01
5.547126531600952148e-01 5.444421768188476562e-01
5.547126531600952148e-01 5.444421768188476562e-01
5.547126531600952148e-01 5.444421768188476562e-01
5.547126531600952148e-01 5.444421768188476562e-01
5.743865966796875000e-01 5.937058329582214355e-01
5.743865966796875000e-01 5.937058329582214355e-01
5.743865966796875000e-01 5.937058329582214355e-01
5.743865966796875000e-01 5.937058329582214355e-01
5.743865966796875000e-01 5.937058329582214355e-01
5.743865966796875000e-01 5.937058329582214355e-01
5.663909316062927246e-01 6.461722850799560547e-01
5.663909316062927246e-01 6.461722850799560547e-01
5.663909316062927246e-01 6.461722850799560547e-01
5.663909316062927246e-01 6.461722850799560547e-01
5.663909316062927246e-01 6.461722850799560547e-01
5.663909316062927246e-01 6.461722850799560547e-01
5.789008736610412598e-01 6.882998943328857422e-01
5.789008736610412598e-01 6.882998943328857422e-01
5.789008736610412598e-01 6.882998943328857422e-01
5.789008736610412598e-01 6.882998943328857422e-01
5.789008736610412598e-01 6.882998943328857422e-01
5.789008736610412598e-01 6.882998943328857422e-01
5.951315164566040039e-01 6.834926605224609375e-01
5.951315164566040039e-01 6.834926605224609375e-01
5.951315164566040039e-01 6.834926605224609375e-01
5.951315164566040039e-01 6.834926605224609375e-01
5.951315164566040039e-01 6.834926605224609375e-01
5.951315164566040039e-01 6.834926605224609375e-01
6.086199283599853516e-01 6.562664508819580078e-01
6.086199283599853516e-01 6.562664508819580078e-01
6.086199283599853516e-01 6.562664508819580078e-01
6.086199283599853516e-01 6.562664508819580078e-01
6.086199283599853516e-01 6.562664508819580078e-01
6.086199283599853516e-01 6.562664508819580078e-01
6.115224957466125488e-01 6.267747282981872559e-01
6.115224957466125488e-01 6.267747282981872559e-01
6.115224957466125488e-01 6.267747282981872559e-01
6.115224957466125488e-01 6.267747282981872559e-01
6.115224957466125488e-01 6.267747282981872559e-01
6.115224957466125488e-01 6.267747282981872559e-01
6.069806814193725586e-01 5.945596098899841309e-01
6.069806814193725586e-01 5.945596098899841309e-01
6.069806814193725586e-01 5.945596098899841309e-01
6.069806814193725586e-01 5.945596098899841309e-01
6.069806814193725586e-01 5.945596098899841309e-01
6.069806814193725586e-01 5.945596098899841309e-01
5.832490921020507812e-01 5.591894388198852539e-01
5.832490921020507812e-01 5.591894388198852539e-01
5.832490921020507812e-01 5.591894388198852539e-01
5.832490921020507812e-01 5.591894388198852539e-01
5.832490921020507812e-01 5.591894388198852539e-01
5.832490921020507812e-01 5.591894388198852539e-01
5.832490921020507812e-01 5.591894388198852539e-01
5.415326356887817383e-01 5.273370742797851562e-01
5.415326356887817383e-01 5.273370742797851562e-01
5.415326356887817383e-01 5.273370742797851562e-01
5.415326356887817383e-01 5.273370742797851562e-01
5.415326356887817383e-01 5.273370742797851562e-01
5.001040697097778320e-01 5.140050649642944336e-01
5.001040697097778320e-01 5.140050649642944336e-01
5.001040697097778320e-01 5.140050649642944336e-01
5.001040697097778320e-01 5.140050649642944336e-01
5.001040697097778320e-01 5.140050649642944336e-01
5.001040697097778320e-01 5.140050649642944336e-01
4.454364180564880371e-01 5.120930671691894531e-01
4.454364180564880371e-01 5.120930671691894531e-01
4.454364180564880371e-01 5.120930671691894531e-01
4.454364180564880371e-01 5.120930671691894531e-01
4.454364180564880371e-01 5.120930671691894531e-01
4.454364180564880371e-01 5.120930671691894531e-01
4.069256186485290527e-01 5.155563354492187500e-01
4.069256186485290527e-01 5.155563354492187500e-01
4.069256186485290527e-01 5.155563354492187500e-01
4.069256186485290527e-01 5.155563354492187500e-01
4.069256186485290527e-01 5.155563354492187500e-01
4.069256186485290527e-01 5.155563354492187500e-01
4.069256186485290527e-01 5.155563354492187500e-01
3.706164658069610596e-01 5.236667394638061523e-01
3.706164658069610596e-01 5.236667394638061523e-01
3.706164658069610596e-01 5.236667394638061523e-01
3.706164658069610596e-01 5.236667394638061523e-01
3.706164658069610596e-01 5.236667394638061523e-01
3.706164658069610596e-01 5.236667394638061523e-01
3.584305047988891602e-01 5.410764217376708984e-01
3.584305047988891602e-01 5.410764217376708984e-01
3.584305047988891602e-01 5.410764217376708984e-01
3.584305047988891602e-01 5.410764217376708984e-01
3.584305047988891602e-01 5.410764217376708984e-01
3.719228804111480713e-01 5.543040633201599121e-01
3.719228804111480713e-01 5.543040633201599121e-01
3.719228804111480713e-01 5.543040633201599121e-01
3.719228804111480713e-01 5.543040633201599121e-01
3.719228804111480713e-01 5.543040633201599121e-01
3.719228804111480713e-01 5.543040633201599121e-01
3.719228804111480713e-01 5.543040633201599121e-01
3.777887523174285889e-01 5.853314995765686035e-01
3.777887523174285889e-01 5.853314995765686035e-01
3.777887523174285889e-01 5.853314995765686035e-01
3.777887523174285889e-01 5.853314995765686035e-01
3.777887523174285889e-01 5.853314995765686035e-01
3.777887523174285889e-01 5.853314995765686035e-01
3.971610963344573975e-01 5.927107334136962891e-01
3.971610963344573975e-01 5.927107334136962891e-01
3.971610963344573975e-01 5.927107334136962891e-01
3.971610963344573975e-01 5.927107334136962891e-01
3.971610963344573975e-01 5.927107334136962891e-01
3.971610963344573975e-01 5.927107334136962891e-01
4.385890066623687744e-01 5.959691405296325684e-01
4.385890066623687744e-01 5.959691405296325684e-01
4.385890066623687744e-01 5.959691405296325684e-01
4.385890066623687744e-01 5.959691405296325684e-01
4.385890066623687744e-01 5.959691405296325684e-01
4.385890066623687744e-01 5.959691405296325684e-01
4.988213479518890381e-01 5.974390506744384766e-01
4.988213479518890381e-01 5.974390506744384766e-01
4.988213479518890381e-01 5.974390506744384766e-01
4.988213479518890381e-01 5.974390506744384766e-01
4.988213479518890381e-01 5.974390506744384766e-01
4.988213479518890381e-01 5.974390506744384766e-01
5.367665290832519531e-01 5.883629918098449707e-01
5.367665290832519531e-01 5.883629918098449707e-01
5.367665290832519531e-01 5.883629918098449707e-01
5.367665290832519531e-01 5.883629918098449707e-01
5.367665290832519531e-01 5.883629918098449707e-01
5.367665290832519531e-01 5.883629918098449707e-01
5.661342144012451172e-01 5.940761566162109375e-01
5.661342144012451172e-01 5.940761566162109375e-01
5.661342144012451172e-01 5.940761566162109375e-01
5.661342144012451172e-01 5.940761566162109375e-01
5.661342144012451172e-01 5.940761566162109375e-01
5.661342144012451172e-01 5.940761566162109375e-01
5.797502398490905762e-01 6.085962057113647461e-01
5.797502398490905762e-01 6.085962057113647461e-01
5.797502398490905762e-01 6.085962057113647461e-01
5.797502398490905762e-01 6.085962057113647461e-01
5.797502398490905762e-01 6.085962057113647461e-01
5.797502398490905762e-01 6.085962057113647461e-01
5.715146064758300781e-01 6.442002058029174805e-01
5.715146064758300781e-01 6.442002058029174805e-01
5.715146064758300781e-01 6.442002058029174805e-01
5.715146064758300781e-01 6.442002058029174805e-01
5.715146064758300781e-01 6.442002058029174805e-01
5.715146064758300781e-01 6.442002058029174805e-01
5.715146064758300781e-01 6.442002058029174805e-01
5.575878620147705078e-01 6.600105762481689453e-01
5.575878620147705078e-01 6.600105762481689453e-01
5.575878620147705078e-01 6.600105762481689453e-01
5.575878620147705078e-01 6.600105762481689453e-01
5.575878620147705078e-01 6.600105762481689453e-01
5.575878620147705078e-01 6.600105762481689453e-01
5.327298641204833984e-01 6.572071313858032227e-01
5.327298641204833984e-01 6.572071313858032227e-01
5.327298641204833984e-01 6.572071313858032227e-01
5.327298641204833984e-01 6.572071313858032227e-01
5.327298641204833984e-01 6.572071313858032227e-01
5.327298641204833984e-01 6.572071313858032227e-01
4.850111007690429688e-01 6.447839140892028809e-01
4.850111007690429688e-01 6.447839140892028809e-01
4.850111007690429688e-01 6.447839140892028809e-01
4.850111007690429688e-01 6.447839140892028809e-01
4.850111007690429688e-01 6.447839140892028809e-01
4.850111007690429688e-01 6.447839140892028809e-01
4.316915571689605713e-01 6.218689084053039551e-01
4.316915571689605713e-01 6.218689084053039551e-01
4.316915571689605713e-01 6.218689084053039551e-01
4.316915571689605713e-01 6.218689084053039551e-01
4.316915571689605713e-01 6.218689084053039551e-01
4.316915571689605713e-01 6.218689084053039551e-01
3.863610327243804932e-01 6.199481487274169922e-01
3.863610327243804932e-01 6.199481487274169922e-01
3.863610327243804932e-01 6.199481487274169922e-01
3.863610327243804932e-01 6.199481487274169922e-01
3.863610327243804932e-01 6.199481487274169922e-01
3.863610327243804932e-01 6.199481487274169922e-01
3.582686483860015869e-01 6.402871012687683105e-01
3.582686483860015869e-01 6.402871012687683105e-01
3.582686483860015869e-01 6.402871012687683105e-01
3.582686483860015869e-01 6.402871012687683105e-01
3.582686483860015869e-01 6.402871012687683105e-01
3.582686483860015869e-01 6.402871012687683105e-01
3.506211042404174805e-01 6.476449370384216309e-01
3.506211042404174805e-01 6.476449370384216309e-01
3.506211042404174805e-01 6.476449370384216309e-01
3.506211042404174805e-01 6.476449370384216309e-01
3.506211042404174805e-01 6.476449370384216309e-01
3.506211042404174805e-01 6.476449370384216309e-01
3.669284880161285400e-01 6.646135449409484863e-01
3.669284880161285400e-01 6.646135449409484863e-01
3.669284880161285400e-01 6.646135449409484863e-01
3.669284880161285400e-01 6.646135449409484863e-01
3.669284880161285400e-01 6.646135449409484863e-01
3.669284880161285400e-01 6.646135449409484863e-01
4.028896391391754150e-01 6.666091680526733398e-01
4.028896391391754150e-01 6.666091680526733398e-01
4.028896391391754150e-01 6.666091680526733398e-01
4.028896391391754150e-01 6.666091680526733398e-01
4.028896391391754150e-01 6.666091680526733398e-01
4.028896391391754150e-01 6.666091680526733398e-01
4.542171061038970947e-01 6.665359139442443848e-01
4.542171061038970947e-01 6.665359139442443848e-01
4.542171061038970947e-01 6.665359139442443848e-01
4.542171061038970947e-01 6.665359139442443848e-01
4.542171061038970947e-01 6.665359139442443848e-01
4.542171061038970947e-01 6.665359139442443848e-01
5.122042894363403320e-01 6.623526811599731445e-01
5.122042894363403320e-01 6.623526811599731445e-01
5.122042894363403320e-01 6.623526811599731445e-01
5.122042894363403320e-01 6.623526811599731445e-01
5.122042894363403320e-01 6.623526811599731445e-01
5.122042894363403320e-01 6.623526811599731445e-01
5.526203513145446777e-01 6.610739231109619141e-01
5.526203513145446777e-01 6.610739231109619141e-01
5.526203513145446777e-01 6.610739231109619141e-01
5.526203513145446777e-01 6.610739231109619141e-01
5.526203513145446777e-01 6.610739231109619141e-01
5.526203513145446777e-01 6.610739231109619141e-01
5.734956264495849609e-01 6.677213907241821289e-01
5.734956264495849609e-01 6.677213907241821289e-01
5.734956264495849609e-01 6.677213907241821289e-01
5.734956264495849609e-01 6.677213907241821289e-01
5.734956264495849609e-01 6.677213907241821289e-01
5.734956264495849609e-01 6.677213907241821289e-01
5.845955014228820801e-01 6.747215986251831055e-01
5.845955014228820801e-01 6.747215986251831055e-01
5.845955014228820801e-01 6.747215986251831055e-01
5.845955014228820801e-01 6.747215986251831055e-01
5.845955014228820801e-01 6.747215986251831055e-01
5.845955014228820801e-01 6.747215986251831055e-01
5.845955014228820801e-01 6.747215986251831055e-01
5.791616439819335938e-01 6.867076158523559570e-01
5.791616439819335938e-01 6.867076158523559570e-01
5.791616439819335938e-01 6.867076158523559570e-01
5.791616439819335938e-01 6.867076158523559570e-01
5.791616439819335938e-01 6.867076158523559570e-01
5.791616439819335938e-01 6.867076158523559570e-01
5.754073262214660645e-01 6.935972571372985840e-01
5.754073262214660645e-01 6.935972571372985840e-01
5.754073262214660645e-01 6.935972571372985840e-01
5.754073262214660645e-01 6.935972571372985840e-01
5.754073262214660645e-01 6.935972571372985840e-01
5.754073262214660645e-01 6.935972571372985840e-01
5.537911057472229004e-01 6.968486905097961426e-01
5.537911057472229004e-01 6.968486905097961426e-01
5.537911057472229004e-01 6.968486905097961426e-01
5.537911057472229004e-01 6.968486905097961426e-01
5.537911057472229004e-01 6.968486905097961426e-01
5.210839509963989258e-01 6.876434683799743652e-01
5.210839509963989258e-01 6.876434683799743652e-01
5.210839509963989258e-01 6.876434683799743652e-01
5.210839509963989258e-01 6.876434683799743652e-01
5.210839509963989258e-01 6.876434683799743652e-01
5.210839509963989258e-01 6.876434683799743652e-01
5.210839509963989258e-01 6.876434683799743652e-01
4.710707068443298340e-01 6.780728697776794434e-01
4.710707068443298340e-01 6.780728697776794434e-01
4.710707068443298340e-01 6.780728697776794434e-01
4.710707068443298340e-01 6.780728697776794434e-01
4.710707068443298340e-01 6.780728697776794434e-01
4.710707068443298340e-01 6.780728697776794434e-01
4.325687289237976074e-01 6.697597503662109375e-01
4.325687289237976074e-01 6.697597503662109375e-01
4.325687289237976074e-01 6.697597503662109375e-01
4.325687289237976074e-01 6.697597503662109375e-01
4.325687289237976074e-01 6.697597503662109375e-01
4.325687289237976074e-01 6.697597503662109375e-01
3.932415544986724854e-01 6.711096167564392090e-01
3.932415544986724854e-01 6.711096167564392090e-01
3.932415544986724854e-01 6.711096167564392090e-01
3.932415544986724854e-01 6.711096167564392090e-01
3.932415544986724854e-01 6.711096167564392090e-01
3.829385042190551758e-01 6.852192282676696777e-01
3.829385042190551758e-01 6.852192282676696777e-01
3.829385042190551758e-01 6.852192282676696777e-01
3.829385042190551758e-01 6.852192282676696777e-01
3.829385042190551758e-01 6.852192282676696777e-01
3.829385042190551758e-01 6.852192282676696777e-01
3.829385042190551758e-01 6.852192282676696777e-01
3.823544085025787354e-01 6.997174024581909180e-01
3.823544085025787354e-01 6.997174024581909180e-01
3.823544085025787354e-01 6.997174024581909180e-01
3.823544085025787354e-01 6.997174024581909180e-01
3.823544085025787354e-01 6.997174024581909180e-01
3.823544085025787354e-01 6.997174024581909180e-01
3.882028460502624512e-01 7.172704339027404785e-01
3.882028460502624512e-01 7.172704339027404785e-01
3.882028460502624512e-01 7.172704339027404785e-01
3.882028460502624512e-01 7.172704339027404785e-01
3.882028460502624512e-01 7.172704339027404785e-01
3.882028460502624512e-01 7.172704339027404785e-01
4.124940037727355957e-01 7.202437520027160645e-01
4.124940037727355957e-01 7.202437520027160645e-01
4.124940037727355957e-01 7.202437520027160645e-01
4.124940037727355957e-01 7.202437520027160645e-01
4.124940037727355957e-01 7.202437520027160645e-01
4.124940037727355957e-01 7.202437520027160645e-01
4.124940037727355957e-01 7.202437520027160645e-01
4.518567025661468506e-01 7.300323247909545898e-01
4.518567025661468506e-01 7.300323247909545898e-01
4.518567025661468506e-01 7.300323247909545898e-01
4.518567025661468506e-01 7.300323247909545898e-01
4.518567025661468506e-01 7.300323247909545898e-01
4.816230833530426025e-01 7.407189607620239258e-01
4.816230833530426025e-01 7.407189607620239258e-01
4.816230833530426025e-01 7.407189607620239258e-01
4.816230833530426025e-01 7.407189607620239258e-01
4.816230833530426025e-01 7.407189607620239258e-01
4.816230833530426025e-01 7.407189607620239258e-01
5.264760255813598633e-01 7.373918294906616211e-01
5.264760255813598633e-01 7.373918294906616211e-01
5.264760255813598633e-01 7.373918294906616211e-01
5.264760255813598633e-01 7.373918294906616211e-01
5.264760255813598633e-01 7.373918294906616211e-01
5.264760255813598633e-01 7.373918294906616211e-01
5.585665106773376465e-01 7.225166559219360352e-01
5.585665106773376465e-01 7.225166559219360352e-01
5.585665106773376465e-01 7.225166559219360352e-01
5.585665106773376465e-01 7.225166559219360352e-01
5.585665106773376465e-01 7.225166559219360352e-01
5.585665106773376465e-01 7.225166559219360352e-01
5.772793292999267578e-01 7.194433808326721191e-01
5.772793292999267578e-01 7.194433808326721191e-01
5.772793292999267578e-01 7.194433808326721191e-01
5.772793292999267578e-01 7.194433808326721191e-01
5.772793292999267578e-01 7.194433808326721191e-01
5.772793292999267578e-01 7.194433808326721191e-01
5.772793292999267578e-01 7.194433808326721191e-01
5.793361663818359375e-01 6.918278336524963379e-01
5.793361663818359375e-01 6.918278336524963379e-01
5.793361663818359375e-01 6.918278336524963379e-01
5.793361663818359375e-01 6.918278336524963379e-01
5.793361663818359375e-01 6.918278336524963379e-01
5.784502625465393066e-01 6.748099923133850098e-01
5.784502625465393066e-01 6.748099923133850098e-01
5.784502625465393066e-01 6.748099923133850098e-01
5.784502625465393066e-01 6.748099923133850098e-01
5.784502625465393066e-01 6.748099923133850098e-01
5.784502625465393066e-01 6.748099923133850098e-01
5.610979795455932617e-01 6.428792476654052734e-01
5.610979795455932617e-01 6.428792476654052734e-01
5.610979795455932617e-01 6.428792476654052734e-01
5.610979795455932617e-01 6.428792476654052734e-01
5.610979795455932617e-01 6.428792476654052734e-01
5.610979795455932617e-01 6.428792476654052734e-01
5.610979795455932617e-01 6.428792476654052734e-01
5.211074948310852051e-01 6.283759474754333496e-01
5.211074948310852051e-01 6.283759474754333496e-01
5.211074948310852051e-01 6.283759474754333496e-01
5.211074948310852051e-01 6.283759474754333496e-01
5.211074948310852051e-01 6.283759474754333496e-01
4.628008306026458740e-01 6.197879314422607422e-01
4.628008306026458740e-01 6.197879314422607422e-01
4.628008306026458740e-01 6.197879314422607422e-01
4.628008306026458740e-01 6.197879314422607422e-01
4.628008306026458740e-01 6.197879314422607422e-01
4.628008306026458740e-01 6.197879314422607422e-01
4.628008306026458740e-01 6.197879314422607422e-01
4.172383844852447510e-01 6.012394428253173828e-01
4.172383844852447510e-01 6.012394428253173828e-01
4.172383844852447510e-01 6.012394428253173828e-01
4.172383844852447510e-01 6.012394428253173828e-01
4.172383844852447510e-01 6.012394428253173828e-01
3.780308961868286133e-01 6.153507232666015625e-01
3.780308961868286133e-01 6.153507232666015625e-01
3.780308961868286133e-01 6.153507232666015625e-01
3.780308961868286133e-01 6.153507232666015625e-01
3.780308961868286133e-01 6.153507232666015625e-01
3.780308961868286133e-01 6.153507232666015625e-01
3.630889952182769775e-01 6.058148145675659180e-01
3.630889952182769775e-01 6.058148145675659180e-01
3.630889952182769775e-01 6.058148145675659180e-01
3.630889952182769775e-01 6.058148145675659180e-01
3.630889952182769775e-01 6.058148145675659180e-01
3.630889952182769775e-01 6.058148145675659180e-01
3.630889952182769775e-01 6.058148145675659180e-01
3.403282165527343750e-01 5.961271524429321289e-01
3.403282165527343750e-01 5.961271524429321289e-01
3.403282165527343750e-01 5.961271524429321289e-01
3.403282165527343750e-01 5.961271524429321289e-01
3.403282165527343750e-01 5.961271524429321289e-01
3.403282165527343750e-01 5.961271524429321289e-01
3.369555473327636719e-01 5.786631107330322266e-01
3.369555473327636719e-01 5.786631107330322266e-01
3.369555473327636719e-01 5.786631107330322266e-01
3.369555473327636719e-01 5.786631107330322266e-01
3.369555473327636719e-01 5.786631107330322266e-01
3.369555473327636719e-01 5.786631107330322266e-01
3.461376428604125977e-01 5.620328187942504883e-01
3.461376428604125977e-01 5.620328187942504883e-01
3.461376428604125977e-01 5.620328187942504883e-01
3.461376428604125977e-01 5.620328187942504883e-01
3.461376428604125977e-01 5.620328187942504883e-01
3.461376428604125977e-01 5.620328187942504883e-01
3.631804585456848145e-01 5.469604730606079102e-01
3.631804585456848145e-01 5.469604730606079102e-01
3.631804585456848145e-01 5.469604730606079102e-01
3.631804585456848145e-01 5.469604730606079102e-01
3.631804585456848145e-01 5.469604730606079102e-01
3.631804585456848145e-01 5.469604730606079102e-01
4.138532578945159912e-01 5.525474548339843750e-01
4.138532578945159912e-01 5.525474548339843750e-01
4.138532578945159912e-01 5.525474548339843750e-01
4.138532578945159912e-01 5.525474548339843750e-01
4.138532578945159912e-01 5.525474548339843750e-01
4.138532578945159912e-01 5.525474548339843750e-01
4.645797610282897949e-01 5.764379501342773438e-01
4.645797610282897949e-01 5.764379501342773438e-01
4.645797610282897949e-01 5.764379501342773438e-01
4.645797610282897949e-01 5.764379501342773438e-01
4.645797610282897949e-01 5.764379501342773438e-01
4.645797610282897949e-01 5.764379501342773438e-01
5.163458585739135742e-01 5.804271101951599121e-01
5.163458585739135742e-01 5.804271101951599121e-01
5.163458585739135742e-01 5.804271101951599121e-01
5.163458585739135742e-01 5.804271101951599121e-01
5.163458585739135742e-01 5.804271101951599121e-01
5.163458585739135742e-01 5.804271101951599121e-01
5.361131429672241211e-01 5.917731523513793945e-01
5.361131429672241211e-01 5.917731523513793945e-01
5.361131429672241211e-01 5.917731523513793945e-01
5.361131429672241211e-01 5.917731523513793945e-01
5.361131429672241211e-01 5.917731523513793945e-01
5.361131429672241211e-01 5.917731523513793945e-01
5.545578002929687500e-01 5.955963730812072754e-01
5.545578002929687500e-01 5.955963730812072754e-01
5.545578002929687500e-01 5.955963730812072754e-01
5.545578002929687500e-01 5.955963730812072754e-01
5.545578002929687500e-01 5.955963730812072754e-01
5.545578002929687500e-01 5.955963730812072754e-01
5.560103058815002441e-01 5.715394616127014160e-01
5.560103058815002441e-01 5.715394616127014160e-01
5.560103058815002441e-01 5.715394616127014160e-01
5.560103058815002441e-01 5.715394616127014160e-01
5.560103058815002441e-01 5.715394616127014160e-01
5.560103058815002441e-01 5.715394616127014160e-01
5.492755770683288574e-01 5.561344623565673828e-01
5.492755770683288574e-01 5.561344623565673828e-01
5.492755770683288574e-01 5.561344623565673828e-01
5.492755770683288574e-01 5.561344623565673828e-01
5.492755770683288574e-01 5.561344623565673828e-01
5.492755770683288574e-01 5.561344623565673828e-01
5.492755770683288574e-01 5.561344623565673828e-01
5.311281085014343262e-01 5.400239229202270508e-01
5.311281085014343262e-01 5.400239229202270508e-01
5.311281085014343262e-01 5.400239229202270508e-01
5.311281085014343262e-01 5.400239229202270508e-01
5.311281085014343262e-01 5.400239229202270508e-01
5.311281085014343262e-01 5.400239229202270508e-01
5.109699368476867676e-01 5.546758174896240234e-01
5.109699368476867676e-01 5.546758174896240234e-01
5.109699368476867676e-01 5.546758174896240234e-01
5.109699368476867676e-01 5.546758174896240234e-01
5.109699368476867676e-01 5.546758174896240234e-01
4.650339484214782715e-01 5.516570806503295898e-01
4.650339484214782715e-01 5.516570806503295898e-01
4.650339484214782715e-01 5.516570806503295898e-01
4.650339484214782715e-01 5.516570806503295898e-01
4.650339484214782715e-01 5.516570806503295898e-01
4.650339484214782715e-01 5.516570806503295898e-01
4.650339484214782715e-01 5.516570806503295898e-01
4.344255328178405762e-01 5.585413575172424316e-01
4.344255328178405762e-01 5.585413575172424316e-01
4.344255328178405762e-01 5.585413575172424316e-01
4.344255328178405762e-01 5.585413575172424316e-01
4.344255328178405762e-01 5.585413575172424316e-01
4.344255328178405762e-01 5.585413575172424316e-01
4.012045264244079590e-01 5.626880526542663574e-01
4.012045264244079590e-01 5.626880526542663574e-01
4.012045264244079590e-01 5.626880526542663574e-01
4.012045264244079590e-01 5.626880526542663574e-01
4.012045264244079590e-01 5.626880526542663574e-01
4.012045264244079590e-01 5.626880526542663574e-01
3.821587562561035156e-01 5.634095668792724609e-01
3.821587562561035156e-01 5.634095668792724609e-01
3.821587562561035156e-01 5.634095668792724609e-01
3.821587562561035156e-01 5.634095668792724609e-01
3.821587562561035156e-01 5.634095668792724609e-01
3.821587562561035156e-01 5.634095668792724609e-01
3.624765276908874512e-01 5.547706484794616699e-01
3.624765276908874512e-01 5.547706484794616699e-01
3.624765276908874512e-01 5.547706484794616699e-01
3.624765276908874512e-01 5.547706484794616699e-01
3.624765276908874512e-01 5.547706484794616699e-01
3.624765276908874512e-01 5.547706484794616699e-01
3.558193147182464600e-01 5.391813516616821289e-01
3.558193147182464600e-01 5.391813516616821289e-01
3.558193147182464600e-01 5.391813516616821289e-01
3.558193147182464600e-01 5.391813516616821289e-01
3.558193147182464600e-01 5.391813516616821289e-01
3.558193147182464600e-01 5.391813516616821289e-01
3.648901879787445068e-01 5.346707105636596680e-01
3.648901879787445068e-01 5.346707105636596680e-01
3.648901879787445068e-01 5.346707105636596680e-01
3.648901879787445068e-01 5.346707105636596680e-01
3.648901879787445068e-01 5.346707105636596680e-01
3.648901879787445068e-01 5.346707105636596680e-01
3.999581933021545410e-01 5.205368995666503906e-01
3.999581933021545410e-01 5.205368995666503906e-01
3.999581933021545410e-01 5.205368995666503906e-01
3.999581933021545410e-01 5.205368995666503906e-01
3.999581933021545410e-01 5.205368995666503906e-01
3.999581933021545410e-01 5.205368995666503906e-01
3.999581933021545410e-01 5.205368995666503906e-01
4.331617355346679688e-01 5.197829008102416992e-01
4.331617355346679688e-01 5.197829008102416992e-01
4.331617355346679688e-01 5.197829008102416992e-01
4.331617355346679688e-01 5.197829008102416992e-01
4.331617355346679688e-01 5.197829008102416992e-01
4.331617355346679688e-01 5.197829008102416992e-01
4.735205173492431641e-01 5.379143953323364258e-01
4.735205173492431641e-01 5.379143953323364258e-01
4.735205173492431641e-01 5.379143953323364258e-01
4.735205173492431641e-01 5.379143953323364258e-01
4.735205173492431641e-01 5.379143953323364258e-01
4.922942519187927246e-01 5.536839962005615234e-01
4.922942519187927246e-01 5.536839962005615234e-01
4.922942519187927246e-01 5.536839962005615234e-01
4.922942519187927246e-01 5.536839962005615234e-01
4.922942519187927246e-01 5.536839962005615234e-01
4.922942519187927246e-01 5.536839962005615234e-01
4.965242445468902588e-01 5.738168954849243164e-01
4.965242445468902588e-01 5.738168954849243164e-01
4.965242445468902588e-01 5.738168954849243164e-01
4.965242445468902588e-01 5.738168954849243164e-01
4.965242445468902588e-01 5.738168954849243164e-01
4.965242445468902588e-01 5.738168954849243164e-01
4.965242445468902588e-01 5.738168954849243164e-01
4.788359999656677246e-01 5.945768356323242188e-01
4.788359999656677246e-01 5.945768356323242188e-01
4.788359999656677246e-01 5.945768356323242188e-01
4.788359999656677246e-01 5.945768356323242188e-01
4.788359999656677246e-01 5.945768356323242188e-01
4.788359999656677246e-01 5.945768356323242188e-01
4.788359999656677246e-01 5.945768356323242188e-01
4.703819751739501953e-01 6.391371488571166992e-01
4.703819751739501953e-01 6.391371488571166992e-01
4.703819751739501953e-01 6.391371488571166992e-01
4.703819751739501953e-01 6.391371488571166992e-01
4.703819751739501953e-01 6.391371488571166992e-01
4.703819751739501953e-01 6.391371488571166992e-01
4.827808737754821777e-01 6.665524840354919434e-01
4.827808737754821777e-01 6.665524840354919434e-01
4.827808737754821777e-01 6.665524840354919434e-01
4.827808737754821777e-01 6.665524840354919434e-01
4.827808737754821777e-01 6.665524840354919434e-01
5.102183222770690918e-01 6.766113638877868652e-01
5.102183222770690918e-01 6.766113638877868652e-01
5.102183222770690918e-01 6.766113638877868652e-01
5.102183222770690918e-01 6.766113638877868652e-01
5.102183222770690918e-01 6.766113638877868652e-01
5.102183222770690918e-01 6.766113638877868652e-01
5.102183222770690918e-01 6.766113638877868652e-01
5.328848361968994141e-01 6.795781254768371582e-01
5.328848361968994141e-01 6.795781254768371582e-01
5.328848361968994141e-01 6.795781254768371582e-01
5.328848361968994141e-01 6.795781254768371582e-01
5.328848361968994141e-01 6.795781254768371582e-01
5.328848361968994141e-01 6.795781254768371582e-01
5.454981923103332520e-01 6.589353084564208984e-01
5.454981923103332520e-01 6.589353084564208984e-01
5.454981923103332520e-01 6.589353084564208984e-01
5.454981923103332520e-01 6.589353084564208984e-01
5.454981923103332520e-01 6.589353084564208984e-01
5.531337261199951172e-01 6.334540247917175293e-01
5.531337261199951172e-01 6.334540247917175293e-01
5.531337261199951172e-01 6.334540247917175293e-01
5.531337261199951172e-01 6.334540247917175293e-01
5.531337261199951172e-01 6.334540247917175293e-01
5.531337261199951172e-01 6.334540247917175293e-01
5.389066934585571289e-01 6.059165596961975098e-01
5.389066934585571289e-01 6.059165596961975098e-01
5.389066934585571289e-01 6.059165596961975098e-01
5.389066934585571289e-01 6.059165596961975098e-01
5.389066934585571289e-01 6.059165596961975098e-01
5.389066934585571289e-01 6.059165596961975098e-01
5.221862792968750000e-01 5.711322426795959473e-01
5.221862792968750000e-01 5.711322426795959473e-01
5.221862792968750000e-01 5.711322426795959473e-01
5.221862792968750000e-01 5.711322426795959473e-01
5.221862792968750000e-01 5.711322426795959473e-01
5.221862792968750000e-01 5.711322426795959473e-01
5.129967927932739258e-01 5.569215416908264160e-01
5.129967927932739258e-01 5.569215416908264160e-01
5.129967927932739258e-01 5.569215416908264160e-01
5.129967927932739258e-01 5.569215416908264160e-01
5.129967927932739258e-01 5.569215416908264160e-01
5.129967927932739258e-01 5.569215416908264160e-01
5.071752667427062988e-01 5.274609327316284180e-01
5.071752667427062988e-01 5.274609327316284180e-01
5.071752667427062988e-01 5.274609327316284180e-01
5.071752667427062988e-01 5.274609327316284180e-01
5.071752667427062988e-01 5.274609327316284180e-01
5.071752667427062988e-01 5.274609327316284180e-01
5.071752667427062988e-01 5.274609327316284180e-01
5.134955048561096191e-01 5.116678476333618164e-01
5.134955048561096191e-01 5.116678476333618164e-01
5.134955048561096191e-01 5.116678476333618164e-01
5.134955048561096191e-01 5.116678476333618164e-01
5.134955048561096191e-01 5.116678476333618164e-01
5.134955048561096191e-01 5.116678476333618164e-01
5.354608297348022461e-01 5.258758068084716797e-01
5.354608297348022461e-01 5.258758068084716797e-01
5.354608297348022461e-01 5.258758068084716797e-01
5.354608297348022461e-01 5.258758068084716797e-01
5.354608297348022461e-01 5.258758068084716797e-01
5.516731739044189453e-01 5.561226606369018555e-01
5.516731739044189453e-01 5.561226606369018555e-01
5.516731739044189453e-01 5.561226606369018555e-01
5.516731739044189453e-01 5.561226606369018555e-01
5.516731739044189453e-01 5.561226606369018555e-01
5.516731739044189453e-01 5.561226606369018555e-01
5.516731739044189453e-01 5.561226606369018555e-01
5.571681857109069824e-01 5.943779349327087402e-01
5.571681857109069824e-01 5.943779349327087402e-01
5.571681857109069824e-01 5.943779349327087402e-01
5.571681857109069824e-01 5.943779349327087402e-01
5.571681857109069824e-01 5.943779349327087402e-01
5.571681857109069824e-01 5.943779349327087402e-01
5.503218173980712891e-01 6.232631206512451172e-01
5.503218173980712891e-01 6.232631206512451172e-01
5.503218173980712891e-01 6.232631206512451172e-01
5.503218173980712891e-01 6.232631206512451172e-01
5.503218173980712891e-01 6.232631206512451172e-01
5.503218173980712891e-01 6.232631206512451172e-01
5.503218173980712891e-01 6.232631206512451172e-01
5.444414019584655762e-01 6.518076062202453613e-01
5.444414019584655762e-01 6.518076062202453613e-01
5.444414019584655762e-01 6.518076062202453613e-01
5.444414019584655762e-01 6.518076062202453613e-01
5.444414019584655762e-01 6.518076062202453613e-01
5.484767556190490723e-01 6.633387804031372070e-01
5.484767556190490723e-01 6.633387804031372070e-01
5.484767556190490723e-01 6.633387804031372070e-01
5.484767556190490723e-01 6.633387804031372070e-01
5.484767556190490723e-01 6.633387804031372070e-01
5.484767556190490723e-01 6.633387804031372070e-01
5.595933198928833008e-01 6.712984442710876465e-01
5.595933198928833008e-01 6.712984442710876465e-01
5.595933198928833008e-01 6.712984442710876465e-01
5.595933198928833008e-01 6.712984442710876465e-01
5.595933198928833008e-01 6.712984442710876465e-01
5.595933198928833008e-01 6.712984442710876465e-01
5.692593455314636230e-01 6.570935845375061035e-01
5.692593455314636230e-01 6.570935845375061035e-01
5.692593455314636230e-01 6.570935845375061035e-01
5.692593455314636230e-01 6.570935845375061035e-01
5.692593455314636230e-01 6.570935845375061035e-01
5.692593455314636230e-01 6.570935845375061035e-01
5.795640349388122559e-01 6.155650615692138672e-01
5.795640349388122559e-01 6.155650615692138672e-01
5.795640349388122559e-01 6.155650615692138672e-01
5.795640349388122559e-01 6.155650615692138672e-01
5.795640349388122559e-01 6.155650615692138672e-01
5.795640349388122559e-01 6.155650615692138672e-01
5.723143815994262695e-01 6.072782278060913086e-01
5.723143815994262695e-01 6.072782278060913086e-01
5.723143815994262695e-01 6.072782278060913086e-01
5.723143815994262695e-01 6.072782278060913086e-01
5.723143815994262695e-01 6.072782278060913086e-01
5.723143815994262695e-01 6.072782278060913086e-01
5.314092636108398438e-01 5.799635052680969238e-01
5.314092636108398438e-01 5.799635052680969238e-01
5.314092636108398438e-01 5.799635052680969238e-01
5.314092636108398438e-01 5.799635052680969238e-01
5.314092636108398438e-01 5.799635052680969238e-01
5.314092636108398438e-01 5.799635052680969238e-01
5.050272345542907715e-01 5.741357207298278809e-01
5.050272345542907715e-01 5.741357207298278809e-01
5.050272345542907715e-01 5.741357207298278809e-01
5.050272345542907715e-01 5.741357207298278809e-01
5.050272345542907715e-01 5.741357207298278809e-01
5.050272345542907715e-01 5.741357207298278809e-01
4.709919989109039307e-01 5.867271423339843750e-01
4.709919989109039307e-01 5.867271423339843750e-01
4.709919989109039307e-01 5.867271423339843750e-01
4.709919989109039307e-01 5.867271423339843750e-01
4.709919989109039307e-01 5.867271423339843750e-01
4.709919989109039307e-01 5.867271423339843750e-01
4.532989561557769775e-01 5.921359658241271973e-01
4.532989561557769775e-01 5.921359658241271973e-01
4.532989561557769775e-01 5.921359658241271973e-01
4.532989561557769775e-01 5.921359658241271973e-01
4.532989561557769775e-01 5.921359658241271973e-01
4.532989561557769775e-01 5.921359658241271973e-01
4.532989561557769775e-01 5.921359658241271973e-01
4.404569566249847412e-01 5.996065735816955566e-01
4.404569566249847412e-01 5.996065735816955566e-01
